#lon lat str1 dip1 rake1 str2 dip2 rake2 sc iexp name
92.29 32.03 225 36 -20 332 78 -124 1.740 24 010500F
70.29 36.30 83 33 65 293 60 106 9.690 24 011900A
95.72 30.79 95 70 11 1 80 160 6.500 23 012600C
88.75 38.00 347 76 167 80 77 14 1.530 24 013100A
90.88 34.05 257 79 6 166 84 169 5.620 23 021200A
95.65 32.85 90 68 -4 181 86 -158 8.160 23 041500B
72.43 37.82 81 75 178 171 88 15 2.970 24 050100B
70.53 36.04 118 18 -27 233 82 -106 2.970 25 051200D
71.54 36.52 243 46 151 354 69 48 2.740 23 053000B
97.15 26.70 290 38 41 166 66 120 3.740 25 060700C
97.41 26.43 126 33 67 333 60 104 5.770 23 060800J
77.43 35.24 179 77 -179 89 89 -13 1.400 24 061900G
94.67 24.45 133 37 155 244 75 56 7.740 23 070200A
92.55 32.74 6 38 -113 214 56 -74 1.320 24 071000A
70.82 36.24 310 26 153 64 79 67 3.370 25 071700F
70.90 36.62 31 32 137 159 69 66 1.060 24 072800B
76.83 41.90 128 43 95 301 47 85 3.640 23 080800A
99.48 35.50 343 80 -170 251 80 -10 1.760 25 091200A
95.12 33.94 84 77 1 353 89 167 4.050 23 091300B
99.61 35.32 354 59 -177 262 87 -31 4.400 23 092000D
97.13 24.18 144 77 166 237 77 14 1.640 24 100600B
94.63 23.58 343 14 98 155 77 88 2.410 24 101100C
93.04 21.94 216 83 -5 307 85 -173 1.710 24 111300D
89.71 36.23 298 38 14 197 82 127 13.020 23 112600A
70.24 23.63 298 39 136 66 64 60 3.430 27 012601A
70.61 23.61 286 43 111 79 51 72 5.220 24 012801A
70.48 23.74 281 24 158 32 81 67 12.840 23 012801B
70.07 23.72 254 42 78 90 49 101 1.450 24 021901A
70.62 36.41 60 49 57 285 51 122 1.700 25 022501A
93.57 46.03 121 23 124 265 71 76 5.510 23 030101A
93.43 23.99 140 40 -141 19 66 -57 7.000 23 030301H
86.76 34.47 170 64 -170 76 81 -27 8.640 24 030501D
94.91 25.35 8 34 28 254 75 121 9.140 23 041001B
98.81 24.77 57 63 -28 161 65 -150 3.210 24 041201C
70.19 30.13 2 38 9 264 84 127 5.220 23 051601B
70.95 36.41 232 44 141 352 64 54 8.570 23 052201B
70.08 30.30 158 61 -4 250 86 -151 5.990 23 063001B
73.14 32.61 65 36 49 292 64 116 4.770 23 071601D
72.19 37.58 196 24 -21 305 82 -113 5.670 23 072401D
95.85 33.27 350 53 -164 251 77 -38 2.280 24 072501B
94.99 24.43 285 40 48 155 61 119 4.410 23 081201B
72.03 39.40 118 25 -42 248 73 -109 1.950 24 090201G
75.46 33.00 323 32 105 125 59 81 2.630 23 092801A
92.91 35.80 94 61 -12 190 80 -150 5.900 27 111401B
93.51 35.94 282 40 112 74 54 72 2.680 24 111801D
93.52 35.83 100 44 90 280 46 90 1.240 24 111901B
71.50 36.43 254 45 133 22 59 56 1.400 25 112301A
81.75 29.61 257 4 63 104 87 92 2.220 24 112701E
81.49 28.91 280 28 73 119 64 99 1.590 24 112701F
91.11 36.07 187 34 -149 71 74 -60 7.840 23 113001C
93.93 35.58 254 36 -141 131 69 -61 5.190 23 120101C
93.13 36.07 89 30 -40 216 71 -113 8.470 23 120801B
70.76 35.71 216 27 72 56 64 99 1.480 25 010302D
75.91 33.32 225 20 -11 325 86 -110 8.540 23 012702D
70.42 36.57 282 22 85 108 68 92 12.700 26 030302C
70.40 37.48 273 83 173 4 83 7 2.420 23 032202A
73.38 38.41 125 64 -155 23 67 -28 2.100 24 041402A
81.25 30.13 159 49 -130 31 55 -53 2.990 24 060402B
94.28 34.06 90 87 3 0 87 177 3.030 24 062902B
70.10 30.41 171 66 -10 265 81 -156 4.780 24 071302D
99.95 30.69 92 41 -86 267 49 -93 0.960 24 080802C
70.56 35.78 348 41 150 102 71 53 6.070 23 090302B
71.96 39.68 97 61 -179 7 90 -29 1.690 24 090502C
93.49 32.95 172 81 -171 80 81 -9 5.310 23 092702D
70.16 36.63 290 43 105 90 49 76 6.400 23 092902F
70.71 36.16 342 52 -147 230 65 -42 6.630 23 100102A
93.16 21.16 310 43 -128 177 57 -60 5.500 23 101602A
92.87 35.72 186 76 -166 92 76 -14 5.090 23 101902C
96.14 35.18 11 78 176 101 86 12 1.320 24 102602A
72.10 39.95 89 57 -179 358 89 -33 3.800 23 110102A
74.64 35.56 216 42 -90 36 48 -90 1.180 24 110102G
74.70 35.10 45 30 -69 201 62 -102 10.390 23 110302F
74.66 35.52 204 30 -117 55 64 -75 3.540 25 112002C
97.23 39.85 98 34 97 269 56 85 2.310 24 121402C
74.90 38.95 325 36 160 71 79 56 3.510 24 122502C
77.11 39.72 341 71 -162 245 73 -20 8.291 23 010403C
93.67 32.55 17 35 -62 164 59 -108 5.004 23 021103C
85.41 44.04 73 32 64 283 62 105 1.084 24 021303G
77.24 39.37 239 33 62 92 61 107 3.745 25 022403A
77.04 39.35 289 33 126 69 64 69 6.959 23 022403E
77.62 39.52 110 77 166 203 77 14 1.173 24 022503A
77.32 39.29 245 33 73 85 58 101 4.209 24 031203A
77.47 39.74 330 57 178 61 89 33 4.376 23 031503F
89.82 26.92 40 70 -21 137 71 -159 1.727 24 032503D
70.44 35.77 177 52 33 65 64 138 6.553 24 032903A
77.46 39.02 273 34 89 93 56 90 0.920 24 033003G
70.50 35.82 143 62 14 47 78 151 7.208 23 040203B
96.45 37.53 294 29 88 116 61 91 4.125 25 041703A
71.34 36.17 255 28 81 86 63 95 4.724 23 042503A
77.39 38.86 308 53 -179 218 89 -37 5.673 24 050403C
72.24 40.97 271 37 106 71 55 78 5.871 23 050503A
89.57 48.45 317 51 134 80 56 49 6.364 23 050703A
93.23 32.53 40 31 -38 164 72 -115 6.159 23 052003B
72.78 42.81 62 46 34 307 67 131 2.220 24 052203F
92.29 32.16 349 17 -80 158 73 -93 4.619 23 052403C
92.36 32.59 352 28 -103 186 62 -83 4.472 23 052403D
80.38 35.87 88 23 45 315 74 107 4.082 23 052903G
77.69 39.66 90 36 87 274 54 92 7.126 23 060403F
89.59 34.67 60 81 -6 151 84 -171 5.796 24 070703A
92.31 22.90 338 32 82 168 59 95 3.532 24 072603J
92.34 22.83 2 16 88 184 74 91 1.690 24 072703E
70.43 23.69 221 24 68 65 68 100 3.408 23 080503B
95.91 29.26 65 77 -6 156 84 -167 2.312 24 081803B
75.32 38.71 107 47 -153 358 71 -46 4.324 24 090103F
77.05 40.20 290 13 58 143 79 97 1.306 24 092603K
88.05 49.75 294 41 129 68 59 61 4.135 23 100903E
88.16 49.64 170 73 -169 77 79 -17 4.840 23 102303A
80.50 42.93 281 14 122 69 78 83 1.073 25 120103A
75.39 42.65 267 42 90 88 48 90 2.368 23 011604A
83.42 32.60 351 37 -116 203 58 -72 2.625 23 021004C
73.22 34.75 111 49 57 336 51 122 1.612 24 021404B
73.12 34.78 339 40 119 123 56 68 1.120 24 021404C
78.58 36.60 291 32 -74 92 59 -100 1.699 23 021504E
71.57 37.47 339 25 20 230 82 113 4.957 23 022304D
96.61 37.66 141 87 -179 51 89 -3 4.501 23 022404D
96.52 37.61 100 41 93 276 49 87 2.400 23 030204F
92.13 33.26 195 46 -131 66 57 -56 4.135 23 030604C
91.33 31.60 326 80 -173 235 83 -10 2.690 24 030704H
70.60 36.38 277 23 106 80 68 83 3.590 24 031204D
96.56 37.60 127 42 116 274 53 69 5.103 23 031604D
73.15 38.79 47 67 17 310 74 156 1.038 24 032104B
89.35 34.00 187 44 -105 28 48 -76 1.111 25 032704G
89.19 33.87 44 36 -49 176 64 -115 3.910 23 032704H
89.37 34.07 51 62 -30 156 64 -149 7.052 23 032804F
89.28 33.91 46 50 -39 164 61 -132 5.339 23 032804G
70.84 36.52 290 28 139 58 72 68 6.316 25 040504J
89.25 33.83 174 49 -123 39 51 -58 4.807 23 040604B
89.33 33.88 36 49 -50 165 54 -126 0.750 24 042204E
71.10 37.50 240 67 23 141 69 155 2.376 23 043004B
96.65 37.60 145 83 175 236 85 7 1.330 24 050404B
96.62 37.61 140 87 -178 50 88 -3 0.768 24 050404C
70.98 36.28 313 78 -170 221 80 -12 6.133 23 050704B
96.58 37.55 272 33 69 116 59 103 2.329 24 051004A
71.18 36.47 37 42 34 280 68 127 5.840 23 051604P
89.36 34.05 349 50 -128 220 53 -54 2.219 23 052304B
89.42 34.10 0 41 -114 211 53 -70 2.481 23 052304C
89.42 34.04 152 65 -160 53 72 -26 1.136 24 052304E
89.29 33.87 54 56 -27 160 68 -143 2.246 23 052304G
97.21 27.06 339 45 107 136 48 74 2.958 23 052404C
94.64 43.30 168 42 142 288 66 55 1.679 23 060604B
92.54 35.75 93 63 -15 190 76 -152 1.052 24 062904C
89.41 34.09 55 65 -24 155 69 -154 0.896 24 070304A
83.78 30.56 359 45 -74 156 47 -106 2.359 25 071104B
70.48 35.89 126 54 19 25 74 143 1.514 24 071504D
83.63 30.35 9 47 -64 154 49 -115 3.680 23 072804H
70.60 36.52 277 20 74 114 71 96 1.209 25 081004A
92.28 32.50 52 49 -30 163 68 -135 2.340 24 082404B
95.70 29.78 126 79 -176 35 86 -11 3.299 23 092704C
70.64 36.49 269 19 75 105 72 95 1.020 24 100604B
77.51 40.38 245 14 72 83 77 94 2.123 23 100704D
94.35 24.34 139 46 147 252 67 48 2.287 23 100804E
96.50 46.03 312 39 103 115 52 79 2.699 23 101104G
70.89 36.73 277 22 101 85 69 86 3.321 23 101604E
80.97 30.88 112 73 -165 17 76 -17 3.305 24 102604A
80.16 45.14 303 51 146 56 64 44 6.262 23 102704B
74.44 34.91 247 22 -92 70 68 -89 1.429 23 103104A
74.37 35.20 39 74 -164 304 75 -16 3.167 23 103104C
74.34 35.16 253 36 -65 42 58 -107 5.003 23 103104E
71.75 39.44 195 83 4 104 86 173 5.100 23 111704B
71.76 39.27 185 88 -1 275 89 -178 5.984 24 111704E
71.74 39.14 49 75 -5 140 85 -165 3.263 23 111804C
71.71 39.28 201 63 18 102 74 152 1.690 23 111804H
92.89 32.17 151 68 -162 54 73 -23 2.158 23 111904C
71.70 39.30 322 42 -105 162 50 -77 4.180 23 112104H
92.72 24.66 243 42 32 128 69 128 1.261 24 120904C
93.35 35.83 341 48 133 106 57 52 3.670 23 121004C
94.52 22.73 271 28 31 153 76 115 2.225 23 200501180302A
95.58 26.04 286 24 -26 40 80 -112 2.579 23 200502032013A
79.27 41.72 321 10 152 79 85 81 1.681 25 200502142338A
92.61 24.52 145 52 -174 52 86 -38 4.179 23 200502151115A
89.61 47.69 45 85 3 314 87 175 1.041 23 200502151241A
94.62 24.40 276 61 28 171 65 147 7.848 23 200502151305A
72.40 38.18 343 45 -36 100 66 -129 3.924 24 200502252304A
71.05 36.51 35 48 50 266 55 125 3.035 23 200503020221A
95.43 26.17 132 42 177 225 88 48 3.210 23 200503230559A
77.99 39.81 187 35 32 70 73 120 1.919 23 200503240738A
94.92 25.54 151 65 176 243 86 25 7.498 23 200503251334A
87.95 28.08 109 62 179 200 89 28 1.624 23 200503262032A
78.70 41.48 288 41 107 86 51 76 6.110 23 200504060844A
83.77 30.24 170 43 -91 351 47 -89 3.350 25 200504072004A
83.72 30.54 189 34 -54 328 63 -112 1.748 24 200504072141A
83.76 30.25 177 45 -84 349 46 -96 4.469 23 200504081951A
89.56 35.70 343 69 -161 246 72 -22 2.752 23 200506010412A
94.72 28.81 209 6 26 93 87 95 6.954 24 200506012006A
71.12 36.39 118 35 95 292 55 87 1.125 24 200506200232A
73.05 39.83 290 44 128 62 57 59 1.324 23 200506230304A
71.06 36.79 187 72 1 97 89 162 2.675 24 200507010348A
95.09 20.80 241 36 53 105 62 114 3.361 23 200507170104A
70.65 36.40 282 25 60 135 69 103 2.269 24 200507231440A
70.67 36.49 279 23 131 56 73 75 0.958 24 200508161651A
88.09 31.08 89 44 74 290 48 105 2.768 23 200508201250A
87.63 49.97 286 36 79 120 55 98 1.270 23 200508220831A
79.66 39.88 48 56 24 304 71 143 4.429 23 200508242232A
79.35 37.13 89 23 68 293 69 99 1.580 24 200508252108A
71.20 36.30 8 50 41 249 60 132 3.591 23 200508260745A
70.62 36.38 286 30 100 95 61 85 3.809 23 200508270505A
94.71 24.48 271 54 38 156 60 138 3.793 24 200509180725A
82.46 41.97 105 37 111 260 56 75 2.192 23 200509230500A
92.96 34.71 123 38 36 4 69 122 2.033 23 200510072125A
73.47 34.38 334 40 123 114 57 65 2.942 27 200510080350A
73.12 34.70 328 39 107 127 53 77 5.403 25 200510081046A
73.06 34.58 321 31 108 121 60 80 3.729 24 200510081208A
73.34 34.62 96 47 55 321 53 122 4.458 24 200510081225A
73.10 34.68 8 41 118 153 54 68 2.475 24 200510082113A
73.06 34.60 338 33 121 122 62 71 1.440 24 200510082145A
72.86 34.69 279 25 33 159 77 112 3.106 23 200510082204A
73.17 34.93 354 23 116 145 69 79 2.008 23 200510082253A
72.94 34.70 282 28 87 105 62 92 3.687 23 200510090458A
73.01 34.57 315 29 104 119 62 82 1.327 24 200510090709A
73.13 34.65 344 37 121 127 59 69 4.015 24 200510090830A
72.86 34.64 279 21 42 150 76 106 1.907 23 200510090859A
73.26 34.60 151 62 154 254 67 31 2.564 23 200510090922A
73.02 34.55 328 22 130 105 73 75 3.709 23 200510091121A
73.03 34.74 284 38 107 82 54 77 3.024 23 200510091238A
73.58 34.33 286 37 104 89 54 79 1.333 24 200510091920A
72.87 34.62 257 47 63 114 49 116 2.554 23 200510091947A
73.26 34.65 307 43 137 71 62 56 2.910 23 200510101238A
73.08 34.88 315 42 97 126 49 84 0.995 24 200510122023A
73.10 34.69 349 40 122 131 57 66 2.848 23 200510132049A
73.00 34.91 117 33 49 344 66 113 2.028 23 200510141937A
73.08 34.81 314 40 104 116 51 79 2.931 23 200510171043A
73.09 34.72 299 32 103 104 59 82 4.081 23 200510182120A
73.05 34.76 303 31 105 106 60 81 3.255 24 200510190233A
73.14 34.78 308 44 103 110 47 78 1.536 24 200510190316A
72.73 34.98 306 33 56 165 63 110 6.393 23 200510191247A
73.03 34.74 307 32 110 105 60 78 1.863 24 200510231504A
73.11 34.75 293 34 123 75 62 70 1.767 23 200510231928A
73.18 34.76 68 43 54 292 57 118 2.007 23 200510241314A
73.85 34.11 266 32 41 140 70 115 1.695 23 200510260142A
73.15 34.64 357 38 132 129 63 63 7.177 23 200510282134A
89.14 34.01 241 58 -35 351 61 -142 1.812 23 200510291652A
81.28 29.39 8 52 176 100 87 39 1.453 23 200510310551A
84.88 28.38 120 42 97 291 48 84 1.514 23 200510312147A
73.20 34.51 274 14 34 151 82 102 6.061 23 200511060211A
73.12 34.68 345 42 106 144 50 76 2.313 23 200511200535A
73.19 34.67 341 55 159 83 73 37 7.488 23 200511210826A
73.14 34.79 104 41 103 268 50 79 1.597 23 200512011538A
71.06 36.45 279 40 106 80 52 77 0.820 26 200512122147A
78.83 30.12 293 23 86 117 67 92 5.685 23 200512140709A
73.20 34.65 5 10 170 105 88 80 8.470 23 200512250802A
73.15 34.84 12 71 -174 281 84 -19 6.181 23 200512282204A
96.29 24.74 104 72 -1 195 89 -162 4.890 23 200512290720A
87.82 34.47 332 34 -142 210 70 -62 2.583 23 200601180023A
80.31 30.06 156 54 -141 41 59 -43 1.581 23 200602012224A
73.18 34.83 160 42 120 302 54 66 3.131 23 200602022149A
86.70 26.94 279 30 91 98 60 90 1.618 23 200602030157A
72.99 34.75 306 33 84 133 57 94 2.158 23 200602081257A
88.64 27.22 287 27 126 68 68 73 1.117 24 200602140055A
81.47 33.70 210 50 -49 336 55 -128 2.350 23 200602150155A
95.13 31.75 70 36 -13 171 82 -125 2.588 23 200602211510A
91.94 26.91 321 73 -173 229 84 -18 1.878 24 200602232004A
89.67 35.36 158 61 -150 52 64 -33 1.819 24 200602260213A
89.67 35.40 60 50 -31 171 67 -136 5.480 23 200603010936A
94.42 24.22 251 70 5 159 85 160 2.736 23 200603021716A
70.77 23.72 224 76 0 134 90 166 1.880 24 200603071820A
73.51 32.62 246 21 61 96 71 101 3.167 23 200603100750A
73.03 34.69 319 35 91 138 55 89 3.094 23 200603190249A
73.57 34.75 185 47 32 72 67 132 7.329 23 200603201740A
93.91 23.33 142 76 -176 51 86 -14 5.855 23 200603252013A
95.62 35.53 297 73 11 204 79 163 1.160 24 200603292338A
73.22 34.52 98 44 57 320 54 117 1.034 23 200604040912A
70.64 23.68 245 31 48 111 67 112 3.520 23 200604061202A
70.35 23.25 238 67 8 145 83 157 2.494 24 200604061759A
89.74 35.46 353 49 -137 231 59 -50 3.175 24 200604140927A
90.67 31.61 325 80 -179 235 89 -10 4.236 24 200604192105A
80.62 41.74 251 37 90 72 53 90 2.928 23 200604281801A
94.30 23.31 15 42 102 180 49 80 2.709 24 200605111722A
92.04 20.54 63 85 -2 153 88 -175 3.209 23 200605301943B
99.26 30.77 321 68 -16 57 75 -158 2.442 23 200606040224A
77.64 40.53 290 35 113 82 58 74 2.356 23 200606081134A
97.49 45.37 359 75 170 91 80 15 5.874 24 200606150649A
97.49 45.36 318 36 113 110 57 74 3.512 23 200606152304A
70.26 23.36 288 35 118 75 60 72 1.902 23 200606230534A
71.70 39.22 283 59 146 32 62 36 5.580 24 200607060357A
96.40 33.07 297 70 -1 27 89 -160 0.863 24 200607172041A
96.27 33.06 302 64 4 210 86 154 2.343 24 200607190953A
96.17 32.99 11 75 -168 278 78 -15 2.333 23 200607231244A
74.67 37.57 126 83 -175 35 85 -7 3.083 24 200608061426A
92.86 24.59 255 61 20 156 73 149 3.859 23 200608122046A
77.43 39.47 296 78 -178 205 88 -12 2.287 23 200608300805A
89.62 35.35 12 39 -105 211 53 -78 1.943 23 200609012008A
76.87 40.20 258 37 91 77 53 90 1.531 23 200609060751A
78.09 35.62 260 68 -21 358 71 -157 2.169 24 200609111812A
93.26 21.99 216 70 2 126 88 160 3.676 23 200611031443A
75.32 42.65 84 40 97 255 50 84 2.069 23 200611080221A
92.61 24.61 141 46 154 249 72 47 3.037 23 200611101321A
83.47 44.26 231 39 52 96 61 116 4.947 23 200611231104A
74.56 39.83 299 51 130 66 54 52 4.204 23 200612240158A
76.06 42.17 30 37 34 272 70 122 6.990 24 200612252001A
98.30 22.04 92 71 -1 182 89 -161 2.096 23 200701071047A
70.17 39.85 187 65 13 91 78 155 1.426 25 200701081721A
70.04 39.82 199 47 61 57 50 117 7.655 23 200701311052A
71.12 39.15 213 45 58 75 53 118 7.623 23 200702022202A
91.85 37.87 111 45 114 258 49 67 1.453 24 200702022232A
73.00 36.79 141 53 -135 19 56 -47 5.230 23 200702110439A
90.63 33.10 66 67 -19 164 73 -156 1.343 24 200702250149A
89.49 35.50 41 46 -51 172 56 -123 3.946 23 200703151830A
89.50 35.56 41 45 -47 168 59 -124 4.722 23 200703162151A
70.62 36.53 30 32 141 155 71 64 2.943 25 200704030335A
89.51 35.50 36 47 -56 171 53 -121 3.117 23 200704091623A
98.31 45.44 10 72 162 106 73 19 2.886 23 200704141722A
72.62 39.50 223 49 52 93 53 126 3.488 23 200704151359A
74.81 39.60 131 71 -179 41 89 -19 2.655 23 200704152220A
81.97 34.33 220 88 2 130 88 178 1.537 25 200705050851A
90.03 34.67 347 74 179 77 89 16 3.600 23 200705051738A
94.58 23.02 229 69 13 134 77 159 3.816 23 200705070558A
97.95 31.44 210 73 -173 118 84 -17 2.039 24 200705071159A
88.56 27.23 204 58 -4 296 86 -148 2.471 23 200705201418A
75.36 42.71 89 38 86 274 52 93 3.803 23 200706061109A
100.00 21.49 61 81 8 330 82 171 3.307 24 200706230817A
99.93 21.46 334 60 -167 237 79 -31 1.569 24 200706230827A
96.79 25.40 105 82 -4 196 86 -172 0.892 24 200706292324A
82.38 42.93 324 66 175 55 86 24 2.739 24 200707201006A
70.17 38.98 185 51 35 71 63 135 8.329 23 200707212244A
70.26 36.04 260 36 64 111 58 108 3.455 23 200707250621A
71.24 39.25 50 41 83 239 49 96 3.323 23 200707310247A
71.32 37.01 309 34 -8 45 86 -124 5.639 23 200708080037A
76.62 35.27 274 66 -10 8 80 -156 6.705 23 200710260650A
72.95 38.50 85 65 -174 352 84 -25 2.012 24 200711060215A
70.49 21.04 324 65 172 58 83 25 5.544 23 200711060938A
92.50 22.15 251 81 -7 343 83 -171 1.974 24 200711070710A
70.89 36.61 221 8 124 7 83 85 6.839 23 200712021157A
94.66 23.46 135 42 120 277 54 65 3.753 23 200712070656A
77.53 35.06 263 53 -13 1 79 -143 4.900 23 200712111556A
70.02 30.48 164 73 3 74 88 163 3.112 23 200712180556A
73.05 40.34 273 43 72 117 49 106 5.819 23 200712260445A
84.51 36.44 236 64 0 146 90 154 3.929 23 200712300955A
71.97 41.11 299 37 110 94 56 75 3.812 23 200712311823A
72.90 40.34 265 38 82 95 53 96 2.909 24 200801010632A
85.32 32.30 206 46 -75 6 46 -105 5.023 25 200801090826A
92.36 22.65 353 35 104 157 56 81 2.584 23 200801122244A
85.25 32.33 34 45 -67 183 50 -111 2.879 23 200801140321A
85.29 32.35 23 44 -87 198 46 -93 0.866 25 200801161154A
85.26 32.42 7 31 -115 215 62 -75 3.130 23 200801170709A
70.55 36.47 285 20 93 101 70 89 7.163 23 200801191925A
85.22 32.31 45 35 -60 190 60 -109 1.902 24 200801221843A
83.48 49.74 220 43 78 56 48 101 2.733 23 200801292002A
70.69 36.45 292 20 123 77 73 79 2.556 23 200802230441A
81.37 35.43 358 41 -110 203 52 -74 5.432 26 200803202233A
81.65 35.89 199 40 -62 344 55 -112 0.920 24 200803210616A
81.43 35.39 200 40 -73 358 52 -104 0.726 24 200803211202A
97.81 24.54 348 82 179 79 89 8 6.043 23 200803211237A
81.16 35.09 222 56 -21 324 73 -145 3.469 23 200803212052B
81.65 35.86 206 47 -46 331 58 -126 5.755 23 200803232056A
81.64 35.80 224 67 7 131 83 157 5.038 23 200803240758A
81.66 35.85 141 80 172 233 82 10 0.774 24 200803261039A
75.05 39.48 302 45 119 84 52 64 4.133 23 200804100717A
81.29 35.28 128 73 177 219 87 17 3.771 23 200804180301A
82.73 45.97 303 81 175 34 85 9 3.341 23 200804201314A
85.42 32.65 328 60 -173 235 84 -30 3.535 23 200804251204A
81.28 35.23 190 34 -71 347 58 -102 2.742 23 200805060525A
70.62 36.38 282 22 103 88 68 85 1.533 24 200805112057A
92.19 33.08 154 63 -155 52 68 -29 7.374 23 200806081756A
85.32 32.40 354 41 -114 204 53 -70 5.159 23 200806081824A
92.25 33.13 160 57 -146 49 62 -38 1.733 24 200806101004A
92.22 33.04 168 49 -142 51 63 -48 5.591 23 200806101104A
92.23 33.18 242 53 -27 349 69 -140 2.883 23 200806101136A
92.22 33.07 170 47 -131 42 57 -55 0.963 24 200806101415A
91.33 35.31 252 88 0 162 90 178 1.788 24 200806180523A
92.21 33.09 154 62 -156 52 69 -31 7.055 23 200806180812A
92.19 33.13 65 67 -16 161 75 -157 2.947 23 200806192237A
88.20 35.73 341 76 177 71 87 14 4.036 23 200806290841A
88.44 35.76 259 82 -4 349 86 -172 2.293 24 200806291247A
88.36 35.72 250 82 -8 341 82 -172 0.846 24 200807022022A
95.34 25.95 137 45 135 262 60 55 2.499 23 200807070250A
72.89 39.47 216 39 57 76 58 114 4.131 23 200807081608A
92.24 33.15 159 68 -160 61 71 -23 1.305 24 200807162258A
87.26 37.85 229 76 9 137 81 166 3.340 23 200807181247A
71.21 41.52 212 47 67 63 48 112 1.965 23 200808010129A
92.22 33.13 49 60 -27 153 67 -147 4.605 23 200808052159A
83.92 31.70 334 70 -165 239 75 -21 2.264 23 200808082148A
92.20 33.13 49 49 -51 179 54 -126 1.954 23 200808101757B
92.02 32.16 59 71 -10 152 81 -160 2.408 23 200808102254A
71.06 36.32 319 37 -1 49 89 -127 4.632 23 200808120525A
91.93 33.65 170 84 -178 79 88 -6 0.950 24 200808181411A
98.03 25.09 21 42 -117 235 53 -68 3.953 23 200808192135A
97.99 24.92 7 80 178 97 88 10 1.311 25 200808211224A
83.51 30.61 30 48 -48 157 56 -127 1.391 26 200808251322A
83.48 30.41 158 41 -114 8 54 -71 5.521 23 200808251913A
83.72 30.85 225 68 -19 322 72 -156 3.613 23 200808252040A
91.51 31.69 150 82 -179 60 89 -8 2.554 23 200808260746A
83.52 30.58 171 39 -90 351 51 -90 2.644 23 200808290943A
83.96 42.79 265 39 118 50 57 69 1.140 24 200808301246A
83.67 30.73 209 74 -15 303 76 -163 4.568 23 200808302131A
98.02 24.84 276 84 0 186 90 174 3.634 23 200809030627A
80.24 30.08 333 59 -163 234 75 -32 3.825 23 200809041253A
71.12 36.52 205 26 72 44 65 98 1.613 24 200809050457A
70.78 36.49 85 18 104 250 72 85 7.047 24 200809060547A
83.71 30.79 206 77 -12 298 79 -166 1.178 24 200809100114A
83.64 30.69 317 68 -163 221 74 -23 1.621 24 200809100128A
73.23 38.30 347 54 -23 91 72 -141 0.975 24 200809200254A
71.12 36.10 238 46 141 358 63 51 0.849 24 200809241759A
83.69 30.66 208 75 -13 302 77 -165 1.096 25 200809250147A
83.71 30.72 204 62 -12 300 79 -152 2.743 23 200809252017A
73.64 39.50 246 38 78 82 53 99 1.397 26 200810051552A
90.50 29.66 44 48 -55 178 53 -122 3.649 25 200810060830A
90.53 29.56 173 43 -121 33 54 -64 0.825 24 200810061210A
90.57 29.76 69 62 -25 171 68 -150 1.924 24 200810081407A
70.71 36.17 284 57 147 34 63 38 0.986 24 200810130807A
73.88 39.54 218 72 2 128 88 162 5.449 23 200810130923A
73.69 39.50 205 40 29 92 72 126 7.349 23 200810131605A
70.10 38.80 47 28 128 186 68 72 0.905 24 200810131716A
91.32 35.26 341 86 -177 251 87 -4 4.050 23 200810201426A
92.80 33.69 185 86 -179 95 89 -4 2.080 23 200810201508A
73.73 39.52 76 44 109 230 49 73 2.382 23 200810230550A
70.46 36.44 273 18 87 97 72 91 5.034 24 200810260128A
73.98 39.61 258 28 132 32 69 70 3.328 23 200811061423A
95.75 37.51 252 28 57 108 67 106 4.061 25 200811100122A
95.82 37.52 357 41 158 104 76 51 5.458 23 200811112156A
95.93 37.58 307 37 88 129 53 91 2.650 23 200811121209A
82.01 29.65 230 62 -17 328 75 -151 0.988 24 200812080859A
81.31 35.32 209 46 -66 355 49 -114 3.116 23 200812111316A
96.09 22.65 359 79 172 90 82 11 1.010 24 200812202322A
71.41 36.02 8 51 52 239 53 127 3.372 23 200812212238A
97.86 23.97 353 76 174 84 84 14 2.309 23 200812252020A
70.91 36.48 92 29 94 267 61 88 6.654 24 200812290337A
70.36 36.44 264 28 77 99 63 97 0.917 26 200901032023A
70.65 36.46 282 35 131 55 65 66 3.988 24 200901042312A
80.92 43.41 69 41 77 267 50 102 4.938 23 200901250147A
72.04 38.67 291 66 -178 200 89 -24 3.365 23 200901252116A
83.95 30.43 206 68 3 115 87 158 5.004 23 200902181011A
73.79 34.14 308 21 99 118 70 87 2.409 24 200902200348A
78.63 40.74 262 36 91 81 54 89 0.945 24 200902201002A
81.39 35.57 345 51 -131 219 54 -51 2.361 23 200902280843A
71.38 38.39 230 64 -21 329 71 -152 6.303 23 200903031422A
82.47 33.73 342 46 -119 201 51 -63 3.837 23 200904010234A
70.64 26.99 153 60 179 243 89 30 6.225 23 200904090146A
70.11 34.14 218 31 69 63 61 103 7.341 23 200904162127A
78.32 41.29 217 87 0 127 90 177 1.431 24 200904190408A
77.27 40.21 264 50 124 38 51 57 4.717 23 200904220926A
72.62 41.06 11 28 63 221 65 103 3.070 23 200904262354A
72.35 42.90 239 47 62 98 50 117 4.520 23 200904272004A
71.26 41.62 223 42 82 54 49 97 1.832 23 200904291853A
77.62 36.28 252 44 71 97 49 107 5.519 23 200905211233A
81.82 32.79 211 70 -13 305 78 -160 3.496 23 200906040254A
86.43 30.99 218 76 -9 311 81 -166 3.210 23 200906060944A
78.83 44.77 276 53 133 39 55 48 1.597 24 200906131717A
90.31 36.05 349 85 -175 259 85 -5 3.146 23 200906210446A
73.47 39.66 35 84 1 305 89 174 6.775 23 200907010029A
71.52 37.40 309 49 5 215 86 139 3.728 23 200907022350A
71.03 36.43 239 30 144 1 73 65 1.026 24 200907050945A
86.10 31.05 318 74 -172 226 83 -16 6.356 24 200907240311A
73.01 34.93 338 34 130 113 65 67 4.048 23 200907270623A
81.58 35.76 226 43 -8 322 84 -133 4.979 23 200908090402A
94.77 24.25 119 45 139 241 62 53 2.130 24 200908112143A
70.50 39.09 83 79 178 174 88 11 2.408 23 200908260726A
95.76 37.64 295 31 102 101 60 83 3.038 25 200908280152A
95.76 37.75 56 80 -3 147 87 -170 3.711 23 200908281628A
95.57 37.66 272 45 118 55 51 64 1.463 24 200908301715A
95.06 25.13 261 52 32 150 65 138 1.014 24 200908301927A
95.86 37.59 277 33 90 98 57 90 5.621 24 200908311015A
95.93 37.62 107 45 94 281 45 86 2.095 23 200908312227A
94.73 24.29 144 46 152 255 70 48 0.877 25 200909031951A
95.85 37.63 282 35 99 91 55 84 1.665 23 200909100020A
70.61 36.46 289 18 90 108 72 90 5.191 23 200909190417A
91.63 27.20 281 6 94 97 84 90 1.855 25 200909210853A
94.87 20.14 227 33 2 136 89 123 4.256 24 200909211938A
95.90 35.82 178 61 178 269 88 29 2.140 23 200909280243A
83.55 30.56 36 56 -31 144 65 -142 4.014 23 200909290601A
96.12 39.62 194 82 180 284 90 8 4.359 23 200910021349A
70.71 38.76 47 86 3 317 87 176 4.320 23 200910131247A
77.03 39.90 284 32 116 74 62 75 4.050 23 200910160256A
92.34 35.17 309 79 179 40 89 11 3.240 23 200910161929A
70.82 36.51 83 41 99 252 49 82 2.064 25 200910221951A
80.25 34.94 353 62 178 84 88 28 3.859 23 200910251140A
91.62 27.20 293 7 107 96 83 88 5.981 23 200910291700A
70.66 36.39 282 25 75 119 66 97 2.812 25 200910291744A
95.83 37.65 313 52 151 62 68 42 4.978 23 200911042156A
86.28 29.31 178 43 -92 0 47 -88 2.465 24 200911072009A
83.71 30.60 115 46 -136 351 60 -53 4.616 23 200911200716A
81.38 35.39 222 49 -4 314 87 -139 3.038 23 200911260014A
77.23 35.72 348 19 158 99 83 73 8.071 23 200912060433A
91.74 21.87 345 40 94 160 51 87 2.802 23 200912131441A
96.68 37.57 122 43 112 273 51 71 4.171 23 200912210515A
94.84 24.31 124 41 143 244 66 55 3.604 24 200912290901A
83.91 30.43 207 71 10 114 81 161 7.634 23 201001010222A
71.41 38.40 232 58 -24 336 70 -146 1.723 24 201001020215A
88.25 35.66 324 84 179 54 89 6 2.666 23 201001160544A
94.63 23.14 231 46 67 83 49 112 2.276 23 201002202107A
91.30 35.30 343 85 176 74 86 5 2.357 23 201002231213A
86.77 28.41 12 69 -16 108 75 -158 6.068 23 201002260442A
75.74 42.54 199 38 -13 299 82 -128 5.007 23 201003020155A
86.94 36.47 160 83 179 250 89 7 5.767 23 201003101432A
94.62 22.99 103 32 142 227 71 64 2.183 24 201003122319A
82.00 30.53 297 71 -165 202 76 -19 2.965 23 201003152017A
99.99 21.47 234 63 -19 332 74 -152 2.440 23 201003191953A
74.66 37.50 25 58 -31 132 64 -144 6.109 23 201003231502A
74.70 37.65 212 61 -11 307 80 -151 3.496 23 201003231551A
92.89 32.37 162 74 -171 70 81 -16 4.502 24 201003240206A
92.92 32.37 157 80 -173 66 83 -10 1.835 24 201003240244A
96.71 33.08 209 71 -171 116 81 -19 2.827 23 201004132140A
96.79 33.05 210 67 178 300 88 23 2.534 26 201004132349A
96.53 33.18 296 65 2 205 89 155 1.584 25 201004140125A
92.84 32.38 168 67 -162 70 73 -24 1.086 24 201004170059A
96.60 33.12 182 79 178 273 89 11 2.389 23 201004281648A
96.28 33.20 75 88 1 345 89 178 5.597 24 201005290230A
99.24 24.84 342 60 -154 238 67 -33 2.532 23 201006011558A
96.28 33.23 178 80 177 268 87 10 2.006 24 201006030535A
96.25 33.24 171 82 -173 80 83 -8 6.390 23 201006032047A
96.27 33.18 262 78 5 171 85 168 2.433 23 201006061642A
74.93 39.75 261 35 99 70 55 84 0.755 24 201006100638A
80.33 29.55 318 25 140 85 74 71 3.726 23 201007061908A
71.23 36.65 255 25 163 0 83 66 4.425 23 201008240834A
73.98 39.58 312 83 177 43 87 7 1.630 24 201009071541A
96.30 33.22 178 84 -178 88 88 -6 5.087 23 201009072051A
90.74 23.29 149 77 171 241 82 13 5.050 23 201009101724A
70.79 36.44 261 32 117 50 61 74 2.960 25 201009171921A
70.81 36.38 287 43 117 72 52 67 1.106 24 201010280359A
87.61 36.82 141 85 180 231 90 5 0.732 24 201011060212A
70.64 36.59 232 22 75 68 68 96 7.870 23 201011102041A
70.51 34.46 265 33 111 60 59 77 0.821 24 201011150051A
72.91 38.47 89 49 -163 348 78 -42 4.509 23 201011250927A
90.53 29.78 199 49 -59 336 50 -121 1.149 24 201011300839A
72.77 39.41 178 73 3 87 87 163 2.142 24 201012080821A
70.62 31.48 162 16 52 21 77 100 1.511 24 201012092317A
86.73 30.92 158 35 -116 9 59 -73 5.359 23 201012291831A
75.16 39.44 263 44 79 98 47 100 3.096 23 201101010156A
72.78 38.50 126 44 -167 27 81 -47 1.545 25 201101240245A
94.68 24.46 256 52 36 142 62 136 3.092 25 201102041353A
94.02 45.97 95 79 -8 187 82 -169 4.258 23 201102231710A
97.98 24.64 64 79 5 333 85 169 1.948 24 201103100458A
78.90 40.39 224 41 37 104 67 125 2.907 23 201103171534A
70.73 36.47 292 32 134 63 67 67 6.327 24 201103210949A
76.51 36.13 282 43 100 89 48 81 2.109 23 201103230555A
99.90 20.61 347 72 168 80 79 18 4.006 24 201103241554A
99.95 20.60 8 63 166 104 78 28 4.139 23 201103250022A
80.71 29.43 318 30 128 96 67 70 1.562 24 201104041131A
89.72 34.33 5 42 -108 209 50 -74 2.954 23 201104191627A
77.73 43.72 129 21 149 248 79 72 6.470 23 201105010231A
70.92 36.78 139 27 48 4 71 108 3.948 23 201105132139A
70.62 36.45 281 21 72 121 70 97 1.182 25 201105142107A
88.28 43.03 279 32 104 82 59 81 4.968 23 201106080153B
98.80 25.00 271 44 82 103 46 98 4.241 23 201106201016A
95.98 32.33 182 63 -149 77 63 -31 1.025 24 201106260748A
71.36 40.28 72 24 75 269 67 97 2.121 25 201107191935A
87.77 33.75 319 81 -177 229 87 -9 1.148 24 201108011940A
98.73 24.98 251 86 1 161 89 176 6.106 23 201108091150A
77.22 39.86 272 42 109 67 50 74 3.180 24 201108111006A
70.57 36.48 286 20 91 105 70 90 1.253 24 201108262032A
70.45 39.00 345 61 24 243 69 149 2.578 23 201109081946A
82.46 36.45 335 82 -179 245 89 -8 1.289 24 201109151527A
88.35 27.44 216 72 -12 310 79 -162 2.779 26 201109181240A
82.70 44.45 102 46 123 238 53 60 2.211 23 201110161344A
70.44 20.98 330 62 -172 236 83 -29 5.655 23 201110201718A
81.57 35.63 228 72 -19 324 72 -161 3.472 23 201110202053A
82.41 43.55 268 26 91 87 64 90 2.648 24 201111010021A
71.09 36.23 282 27 111 79 65 80 2.703 23 201111031134A
71.02 36.59 161 36 88 343 54 91 4.107 24 201111071159A
95.19 24.82 143 48 118 284 49 62 5.633 24 201111210315A
97.67 25.09 20 81 -177 289 87 -9 6.869 23 201111281506A
83.80 31.57 329 84 -176 239 86 -6 6.067 23 201112010350A
76.89 38.54 52 37 33 294 71 123 2.911 23 201112011248A
92.88 32.42 333 82 -177 243 87 -8 2.493 23 201112051855A
86.54 31.76 337 75 -169 244 79 -15 2.399 23 201112222342A
87.52 42.13 130 38 87 313 52 92 2.858 23 201201080620A
70.22 35.94 272 36 92 89 54 88 1.946 23 201201132250A
74.76 41.59 79 40 107 238 52 76 2.498 23 201202050710A
93.12 44.99 352 76 -179 261 89 -14 4.510 23 201202091857A
82.92 32.32 118 70 172 210 83 20 1.349 24 201202171544A
79.64 35.80 239 78 -11 331 79 -168 3.130 23 201202201359A
79.65 35.76 238 77 -11 331 79 -167 6.189 23 201202201418A
74.41 39.72 179 26 -150 62 77 -67 2.892 23 201203021340A
81.47 39.49 132 46 128 264 55 58 7.527 24 201203082250A
73.24 36.88 212 53 -35 324 63 -137 4.289 24 201203120606A
82.59 34.49 223 83 6 133 84 173 0.709 24 201204100808A
70.50 36.30 352 39 15 250 81 128 3.498 23 201205030642A
98.58 40.66 69 73 -11 162 80 -163 7.882 23 201205031019A
93.03 26.18 67 83 7 336 84 173 1.496 24 201205111241A
89.46 38.41 345 55 170 81 82 36 1.973 23 201205120134A
70.21 38.69 62 34 139 187 69 63 4.497 24 201205122328A
87.08 33.65 9 39 -96 197 51 -85 2.670 23 201205191402A
83.57 30.67 214 50 -20 317 75 -138 2.367 23 201205272050A
78.78 43.58 73 37 80 265 54 97 1.541 24 201205302120A
75.32 39.82 158 48 36 42 64 132 4.809 23 201206011232A
84.21 42.21 249 44 75 89 47 104 1.030 24 201206142151A
70.24 23.52 103 64 -179 13 89 -26 6.277 23 201206192014A
84.72 43.42 298 60 160 39 73 32 3.907 25 201206292107A
94.73 25.60 147 78 176 238 86 12 3.188 24 201207010413A
88.30 29.84 179 40 -84 351 50 -95 2.407 23 201207031912A
96.66 25.29 220 82 -173 129 84 -8 6.331 23 201207092013A
70.76 36.47 73 28 77 268 63 97 5.597 24 201207121400A
94.45 25.40 253 69 11 159 80 158 1.142 24 201207141955A
71.19 37.12 273 36 85 99 55 94 3.758 24 201207190736A
96.43 24.86 95 77 -7 187 83 -167 5.754 23 201207220211A
88.32 29.93 200 31 -47 332 68 -112 3.741 23 201207221644A
87.28 36.09 66 83 -2 157 88 -173 6.435 23 201207222030A
73.93 38.27 341 20 -44 114 76 -104 1.120 24 201207260106A
94.32 22.83 174 65 -175 82 85 -25 5.462 24 201207290221A
75.56 39.63 226 22 65 74 71 100 4.050 23 201208010952A
78.15 39.96 255 43 84 82 47 95 1.170 24 201208110934A
82.52 35.88 215 47 -52 346 55 -123 2.548 25 201208121047A
73.75 34.88 239 38 136 7 65 61 4.330 23 201208132033A
82.65 28.05 307 21 102 114 69 85 3.557 23 201208231630A
89.79 35.17 65 76 -10 157 80 -166 4.064 23 201208260518A
99.30 24.69 349 45 -136 224 60 -55 3.279 23 201209110321A
71.36 36.76 223 35 125 2 62 68 3.808 23 201209121929A
82.44 43.74 267 39 96 80 52 85 2.679 23 201209140321A
96.89 25.49 218 61 -166 122 78 -30 1.444 23 201209222042A
92.95 26.78 89 53 44 329 56 134 2.518 23 201210021837A
98.05 46.81 359 67 -171 265 82 -23 2.359 23 201210032223A
96.03 22.73 0 55 178 91 88 35 2.363 26 201211110112A
96.05 22.60 91 75 14 358 77 164 8.317 24 201211111054A
96.07 23.06 358 71 167 93 78 20 2.949 24 201211111819A
95.98 22.83 0 60 174 93 85 30 2.752 23 201211131828A
96.10 22.94 0 72 174 92 84 18 2.036 23 201211191726A
90.54 40.62 41 51 44 280 57 131 5.129 23 201211260533A
96.06 23.09 360 67 -174 268 84 -23 1.969 23 201212031155A
74.11 38.12 137 39 142 258 67 58 3.275 23 201212081009A
94.80 22.29 149 37 159 256 78 55 2.159 24 201212221641A
95.87 22.77 1 60 171 95 82 30 3.659 23 201212261359A
70.43 35.57 291 36 136 60 66 63 2.860 24 201212291750A
71.08 36.13 20 46 45 255 60 126 2.917 23 201301050432A
94.95 25.09 288 41 67 137 53 109 7.049 24 201301090141A
99.55 30.95 208 86 179 298 89 4 2.895 24 201301181242A
87.75 49.80 301 66 178 32 88 24 7.562 23 201301240735A
79.76 42.57 148 81 178 238 88 9 2.376 25 201301281638A
94.86 32.86 176 81 -173 85 83 -9 9.134 23 201301300927A
94.84 32.86 342 87 -178 252 88 -3 2.826 23 201302041204A
92.41 38.56 319 40 97 130 51 84 3.313 23 201302111913A
71.36 36.48 87 63 167 183 79 28 5.357 23 201302170135A
85.63 34.30 320 75 -172 227 82 -15 2.948 24 201302250511A
92.28 24.56 332 37 147 89 71 58 0.905 24 201303020130A
71.50 38.64 135 87 178 225 88 3 4.917 23 201303030312A
99.84 25.94 337 42 -113 187 52 -71 1.442 24 201303030541A
77.52 40.22 210 11 50 71 81 97 6.763 23 201303110301A
86.96 43.52 167 51 -177 75 88 -39 1.859 24 201303290501A
96.07 22.94 3 75 -180 273 90 -15 7.705 23 201303302004A
70.97 36.40 262 34 129 38 64 67 1.611 24 201304040631A
71.23 36.32 267 35 88 89 55 91 1.363 24 201304052255A
95.12 28.67 300 39 90 120 51 90 3.262 23 201304160834A
99.91 26.14 332 52 -131 206 54 -50 1.256 24 201304170146A
70.45 34.41 200 46 153 310 71 47 2.410 24 201304240925A
75.60 33.02 328 23 113 124 69 81 3.377 24 201305010657A
86.55 31.25 57 50 -37 173 63 -134 7.235 23 201305151054A
86.52 31.26 53 37 -34 171 70 -122 6.405 23 201305160334A
70.25 36.49 173 14 11 72 87 104 2.705 23 201305201718A
95.78 37.62 266 35 80 98 56 97 6.182 23 201306050043A
73.24 37.00 142 41 -116 355 54 -69 2.180 23 201306212051A
82.18 28.49 294 26 95 109 64 88 3.845 23 201306281140A
73.47 39.26 193 79 7 101 84 169 4.147 23 201306300459A
92.82 33.10 4 42 -122 224 56 -65 1.982 23 201307020028A
70.29 36.49 353 44 159 98 76 48 8.260 23 201307030704A
78.17 32.51 175 33 -82 345 58 -95 2.968 23 201307091349A
94.30 21.89 283 47 39 164 63 130 2.199 23 201307200914A
70.47 36.50 143 28 146 264 75 66 5.403 23 201307290808A
75.95 33.09 327 42 122 106 55 64 6.210 23 201308020232A
94.82 23.74 235 36 40 111 68 119 3.193 23 201308021204A
75.71 33.10 319 28 124 101 67 73 5.015 23 201308022137A
86.51 31.27 32 41 -65 180 53 -110 0.977 24 201308061531A
86.55 31.28 349 44 -127 215 57 -60 3.221 23 201308061613A
97.96 29.99 205 46 -141 86 63 -51 1.618 23 201308111240A
97.95 30.02 90 54 -40 206 58 -137 6.110 24 201308112123B
97.89 29.95 215 51 -128 86 52 -52 3.739 23 201308112348A
97.94 30.02 84 49 -49 211 55 -128 6.268 23 201308112358A
98.02 30.04 199 61 -158 98 71 -31 5.863 23 201308120809A
71.62 37.28 38 70 -6 130 84 -160 2.192 23 201308240235A
71.70 37.26 126 79 176 217 86 11 2.353 23 201308241656A
94.18 33.17 177 65 -163 80 74 -26 2.240 23 201308261435A
99.50 28.14 66 50 -125 294 51 -55 6.985 23 201308272044A
99.35 28.12 104 42 -83 274 48 -96 1.899 23 201308272353A
87.64 43.79 122 3 117 275 87 88 1.040 24 201308300527A
99.40 28.15 97 42 -95 284 48 -85 4.406 24 201308310004A
99.29 28.20 131 43 -71 286 50 -107 4.495 23 201308310027A
99.38 28.11 275 44 -105 115 48 -76 2.351 23 201309031432A
99.33 28.18 270 48 -120 131 50 -61 2.549 23 201309061504A
70.02 36.55 230 15 42 100 80 101 8.062 23 201309081730A
96.05 22.91 3 68 179 93 90 22 3.281 23 201309090328A
96.04 22.81 360 77 175 91 85 13 3.582 23 201309201153A
96.04 22.88 95 74 14 1 77 164 4.079 24 201309201224A
88.79 27.17 304 37 123 85 59 67 2.857 23 201310030612A
71.07 36.83 26 48 20 283 75 137 6.362 23 201310050027A
70.56 36.42 285 25 115 79 68 79 1.048 24 201310130117A
77.26 35.74 318 22 152 74 80 70 4.579 23 201310201945A
76.95 35.44 3 63 -160 264 72 -28 2.799 24 201310210227A
88.13 35.55 138 82 -177 48 87 -8 5.108 23 201311030702A
93.74 26.39 66 56 20 324 73 145 1.016 24 201311060416A
88.18 35.62 222 87 2 131 88 177 2.890 23 201311180743A
86.80 36.75 73 83 6 343 84 173 3.942 24 201311232330A
71.17 36.92 149 80 173 240 83 10 3.672 23 201311290625A
78.98 40.32 243 35 82 72 55 95 0.971 24 201312010834A
73.14 36.72 294 73 163 29 74 18 1.824 23 201312051811A
89.30 33.96 48 44 -48 177 59 -123 5.260 23 201312111614A
71.23 36.43 358 41 42 233 64 123 2.900 23 201312211421A
73.83 38.33 54 28 78 248 63 97 2.844 23 201312241240A
90.38 31.86 326 80 -177 235 87 -10 4.836 23 201401161747A
93.84 33.01 64 61 -6 156 85 -151 1.869 23 201401191533A
96.01 22.78 1 70 -174 269 85 -20 4.960 23 201401261238A
94.08 23.71 249 60 0 339 90 -150 5.094 23 201401291346A
89.24 33.81 46 47 -58 183 52 -120 0.904 24 201402110115A
82.52 36.16 223 76 3 132 87 166 1.230 24 201402110214A
82.57 36.22 332 85 -176 242 86 -5 2.875 26 201402120919A
82.33 36.09 230 74 -15 325 76 -163 2.362 23 201402130008A
91.20 31.55 9 41 -101 203 50 -80 1.883 23 201403070841A
82.35 36.23 218 47 -26 326 71 -134 8.020 23 201403221258A
71.09 37.16 240 41 62 95 55 112 3.343 23 201403281024A
86.53 31.25 48 45 -43 171 61 -126 1.351 24 201403301710A
94.25 43.14 160 43 118 304 53 66 3.868 23 201404300620A
97.90 24.96 334 85 178 64 88 5 4.850 24 201405232049A
97.90 24.93 82 79 5 351 85 169 8.987 24 201405300120A
89.26 34.15 322 73 -179 231 89 -17 1.274 23 201406060016A
70.62 36.48 288 19 74 125 72 96 3.229 24 201406140358A
78.23 39.40 359 74 -177 269 87 -16 4.612 23 201407082152A
70.78 36.13 288 36 151 42 73 58 3.095 23 201407110414A
71.15 36.93 129 51 148 241 66 44 1.112 24 201407190717A
85.57 29.00 202 42 -62 346 54 -113 0.909 24 201408030557A
77.29 43.19 58 23 64 266 69 101 2.348 23 201408152142A
94.76 24.66 141 61 155 243 69 32 3.211 23 201408161639A
71.30 39.17 92 61 156 195 69 31 2.981 23 201408290104A
70.87 36.54 76 32 74 274 60 100 1.073 24 201408311148A
93.14 21.98 118 81 6 27 84 171 1.802 24 201409090928A
72.08 37.77 132 77 -170 40 80 -13 4.186 23 201409130157A
70.50 35.84 259 31 103 64 60 82 7.453 23 201409132231A
97.85 36.52 107 35 82 296 56 95 0.806 24 201410021556A
77.22 42.21 77 42 102 240 49 79 1.556 24 201411140124A
94.44 20.78 97 23 -156 345 81 -69 1.162 24 201411170434A
72.97 38.18 338 61 -14 74 78 -150 2.949 23 201411180037A
93.46 23.49 157 56 -150 49 66 -37 4.061 24 201411201814A
70.89 36.51 138 23 75 335 68 97 0.952 24 201411210858A
70.68 36.42 286 21 146 48 78 72 2.777 23 201412181214A
86.56 27.46 248 26 44 117 72 110 3.428 23 201412181532A
94.76 24.30 152 68 157 252 68 24 5.959 23 201412210537A
71.68 37.40 209 40 -103 45 51 -79 1.662 23 201501031246A
77.21 40.19 227 17 57 81 76 99 5.141 23 201501100651A
95.21 25.01 251 54 36 138 61 138 1.809 23 201501241611A
83.58 32.96 215 84 2 125 88 174 1.629 24 201502041044A
93.93 23.97 170 75 -174 78 84 -15 4.725 23 201502121433A
85.50 44.11 262 39 64 114 56 110 3.506 23 201502220642A
73.28 34.57 301 37 87 125 53 92 5.285 23 201502262159A
99.04 23.49 69 66 9 336 82 156 0.962 24 201503011024A
71.36 36.55 48 32 113 202 61 76 2.780 23 201503211744A
71.14 36.40 283 37 128 58 61 65 1.778 23 201503250641A
83.52 32.88 223 77 -5 314 86 -167 0.732 24 201504070442A
71.08 36.45 49 42 72 253 51 106 1.830 23 201504130927A
82.35 28.65 118 44 66 330 50 112 4.056 23 201504211402A
85.33 27.91 287 6 96 101 84 89 8.386 27 201504250611A
84.93 27.86 308 23 131 85 73 74 1.240 26 201504250645A
85.89 28.06 339 40 -105 178 52 -78 1.017 24 201504251742A
84.96 27.61 201 40 -20 306 77 -129 6.664 23 201504252316A
85.95 27.56 289 14 98 101 76 88 1.390 26 201504260709A
85.90 27.56 305 26 115 98 66 78 7.685 23 201504261626A
88.27 26.66 154 57 -157 52 71 -35 4.794 23 201504271235A
71.95 37.26 97 32 94 273 58 88 2.401 23 201504280503A
86.08 27.67 307 11 117 99 81 85 8.844 26 201505120705A
86.35 27.37 299 28 116 90 65 77 1.963 25 201505120736A
86.26 27.37 324 34 138 91 68 63 1.329 24 201505161134A
91.13 34.67 30 35 -95 216 55 -86 1.071 23 201505300004A
70.31 36.18 257 36 76 94 55 100 2.349 23 201506011441A
73.30 38.47 111 67 -165 15 76 -24 2.056 23 201506241710A
88.31 41.79 330 36 99 139 55 83 5.160 23 201506241912A
90.59 26.38 234 78 11 142 79 167 1.213 24 201506280105A
71.13 36.68 228 36 95 41 54 86 2.130 24 201506292207A
78.14 37.58 109 22 85 294 68 92 5.334 25 201507030107A
72.61 39.18 43 70 -15 138 76 -159 2.462 23 201507131825A
73.21 33.92 148 82 6 58 84 172 4.617 23 201507242059A
71.00 36.53 96 30 102 262 61 83 2.212 23 201508041644A
81.53 35.95 221 50 -48 347 55 -128 2.257 23 201508052104A
71.03 36.46 271 33 112 64 59 76 0.926 25 201508101005A
73.69 38.28 335 25 -30 93 78 -112 1.848 23 201508311613A
70.46 36.01 192 35 31 76 72 121 0.940 24 201509092103A
98.23 34.33 288 81 5 197 85 171 7.614 23 201510121004A
70.33 29.49 32 34 96 205 56 86 3.337 24 201510230027A
70.42 36.55 279 21 85 104 69 92 2.241 27 201510260909A
99.57 24.98 177 45 -118 35 51 -64 3.347 23 201510301126A
73.07 40.44 90 40 134 218 62 59 2.636 24 201511171729A
71.32 36.45 2 39 67 211 55 108 5.501 24 201511221816A
94.99 22.38 92 37 38 330 69 121 1.612 24 201511270833A
72.91 38.39 212 80 -7 304 83 -170 0.763 27 201512070750A
81.60 29.04 314 34 118 102 60 72 0.940 24 201512182216A
71.06 36.46 234 43 79 69 48 100 3.799 25 201512251914A
70.75 36.49 292 31 144 54 72 64 1.081 24 201601020837A
93.47 24.71 338 49 165 78 78 42 1.505 26 201601032305A
70.82 36.51 79 54 2 348 89 144 8.867 23 201601080907A
70.87 36.59 137 7 52 355 85 94 4.245 24 201601122005A
91.73 32.52 72 82 -3 162 87 -172 1.640 24 201601132034A
84.11 42.11 260 31 63 111 62 106 5.532 23 201601132118A
73.21 38.78 139 59 -172 45 83 -32 2.617 23 201601132137A
71.42 36.50 270 48 145 26 65 48 2.821 23 201601230454A
70.80 36.53 173 38 23 64 76 126 0.986 24 201602210912A
95.11 31.86 188 41 -114 39 53 -71 2.578 23 201602230033A
83.90 36.59 58 82 1 328 89 172 1.639 23 201603111444A
72.62 38.04 217 83 4 126 86 173 1.810 24 201603181611A
70.87 36.12 207 31 23 97 78 119 1.650 23 201604080219A
71.16 36.85 248 54 37 134 61 137 2.168 23 201604081430A
71.04 36.44 279 38 106 79 54 78 1.134 26 201604101028A
94.78 23.02 129 39 124 269 59 66 3.167 26 201604131355A
95.08 31.76 185 43 -121 44 54 -64 2.109 23 201604230932A
71.57 37.04 121 46 142 240 64 51 2.951 23 201604242143A
95.12 31.87 197 39 -104 34 53 -79 2.189 24 201605110115A
99.64 26.07 293 86 177 23 87 4 4.320 23 201605171648A
99.63 26.10 14 45 -56 150 54 -119 1.831 23 201605171705A
87.66 28.26 189 41 -66 338 53 -109 2.325 23 201605220132A
87.62 28.22 203 45 -46 329 59 -125 1.291 24 201605220148A
87.60 28.22 175 37 -83 346 53 -95 0.860 24 201605220205A
70.27 36.06 346 24 -170 247 86 -66 3.190 23 201606150902A
70.56 36.40 280 23 108 80 68 83 1.309 24 201606231135A
73.43 39.47 61 28 83 249 62 94 5.787 25 201606261117A
73.29 39.50 81 44 98 249 46 82 1.965 23 201606270625A
73.42 39.50 261 37 82 91 54 96 2.884 23 201606271928B
73.32 39.49 181 70 19 85 72 159 2.108 24 201606282138A
73.46 39.49 60 47 50 291 56 125 2.329 23 201606290808A
70.37 39.04 79 49 146 193 65 47 3.374 23 201607011458A
77.89 39.96 240 32 53 102 65 111 2.178 23 201607091637A
89.77 49.93 240 45 57 102 54 118 2.812 23 201607130645A
79.26 41.58 238 37 94 54 53 87 1.880 23 201607191232A
94.69 21.36 134 52 137 254 57 47 3.402 23 201607270420A
94.87 21.25 210 47 52 79 55 123 4.007 23 201608011001A
86.31 34.37 66 40 -32 182 70 -125 2.264 23 201608110101A
86.23 34.36 57 34 -40 182 69 -117 2.614 23 201608120046A
78.40 40.70 302 33 131 77 66 67 3.937 23 201608121800A
72.55 39.05 210 41 -46 338 62 -121 2.251 23 201608141505A
94.71 23.76 137 52 140 254 59 45 5.866 23 201608230211A
94.58 20.79 338 7 84 164 83 91 1.712 26 201608241034A
82.56 29.85 195 43 -80 2 48 -99 1.835 23 201609100046A
88.06 49.90 64 85 0 154 90 -175 2.282 23 201609200718A
99.78 30.10 281 47 -55 56 53 -122 7.251 23 201609221647A
99.75 30.08 288 47 -61 69 51 -117 7.074 23 201609221723A
73.54 34.82 219 36 91 37 54 89 5.797 23 201610010804A
94.95 32.79 63 59 -33 171 62 -145 1.203 25 201610170714A
71.07 36.43 292 43 139 54 64 55 4.247 23 201610200040A
94.71 22.82 153 46 161 257 76 46 1.798 23 201610260221A
70.70 36.49 259 24 119 48 69 78 1.553 24 201611151602A
96.21 32.59 79 73 1 349 89 163 2.645 23 201611172145A
74.14 39.27 110 78 -177 19 87 -12 1.135 26 201611251424A
74.26 39.26 104 86 179 194 89 4 4.178 23 201611260923A
86.53 27.35 305 24 113 100 67 80 0.899 24 201611272335A
80.38 29.57 315 26 113 110 67 79 2.098 23 201612011652A
92.27 32.27 333 83 174 64 84 7 1.320 24 201612042134A
71.11 36.43 68 40 84 255 51 95 1.723 23 201612080007A
86.32 43.98 87 22 85 272 68 92 1.442 25 201612080515A
90.18 38.70 233 87 1 143 89 177 3.049 23 201612140814A
84.90 37.30 171 80 178 261 88 10 2.645 24 201612201004A
92.03 23.98 64 86 -2 154 88 -176 3.153 24 201701030909A
94.56 23.29 128 59 -178 37 88 -31 3.525 23 201701031849A
83.87 30.43 202 73 15 108 76 163 1.973 23 201701041412A
76.93 38.33 122 26 43 352 72 110 4.668 23 201701200954A
94.07 31.46 160 79 -170 68 80 -11 2.058 23 201701310616A
83.35 30.48 210 43 -54 344 56 -119 7.073 23 201702011007A
78.85 30.41 295 23 102 102 68 85 1.161 24 201702061703A
72.55 38.13 13 52 24 267 71 140 2.607 23 201702150750A
93.52 24.01 75 64 26 333 67 152 4.773 23 201702241202A
71.94 37.62 352 19 13 250 86 109 1.579 24 201702281342A
94.76 25.16 74 74 2 343 88 164 4.366 23 201703040211A
73.47 39.28 14 70 -7 106 84 -160 4.090 23 201703141107A
72.01 37.66 149 79 172 240 82 11 5.377 23 201703221127A
99.82 25.75 321 85 179 51 89 5 4.313 23 201703262340A
99.84 25.82 318 85 179 48 89 5 5.056 23 201703262355A
71.18 36.63 251 29 125 32 67 72 2.927 23 201704040448A
85.08 47.28 28 67 2 297 88 157 0.964 24 201704041507A
70.72 36.52 36 34 65 245 60 106 5.085 23 201704172304A
71.42 39.50 342 61 24 240 69 149 1.291 25 201705030447A
71.34 39.56 13 49 54 241 52 124 2.591 23 201705032003A
71.41 39.51 19 44 69 227 50 109 7.185 24 201705050509A
71.55 36.53 15 29 168 116 84 61 1.109 24 201705060952A
75.40 37.73 184 37 -48 316 64 -117 2.126 24 201705102158A
73.54 39.43 103 77 168 195 79 13 1.445 23 201705220923A
91.25 33.60 29 44 -106 231 48 -75 2.474 23 201706080056A
91.30 33.59 197 41 -124 59 57 -64 2.694 23 201706131938A
71.22 36.71 232 30 144 354 73 64 2.572 23 201706220410A
70.54 36.40 290 26 110 88 66 81 1.218 24 201706252330A
70.73 38.73 240 73 -8 332 82 -163 2.213 23 201706260411A
70.81 36.52 108 39 63 321 56 110 3.653 23 201706280350A
70.69 36.31 296 49 152 45 69 44 5.286 23 201707191359A
93.76 24.34 159 65 174 252 85 25 6.598 23 201708021818A
70.81 36.60 253 35 108 51 57 78 2.229 23 201708041851A
82.74 44.40 101 44 118 244 52 66 4.097 25 201708082327A
88.63 35.49 54 82 -6 145 84 -172 1.952 23 201708211120A
74.60 35.24 267 39 -33 24 70 -125 1.461 23 201708232058A
71.19 36.24 260 31 104 64 60 82 3.898 23 201708250727A
82.74 32.24 354 42 -159 248 76 -50 3.673 23 201709010238A
83.45 42.14 263 28 79 96 62 96 2.586 24 201709161011A
95.17 31.88 195 37 -136 67 66 -62 3.585 23 201710120752A
70.56 36.21 122 14 -61 272 78 -97 0.936 24 201710281745A
95.14 29.69 119 24 72 318 67 98 6.432 25 201711172234A
77.45 35.74 332 30 120 118 65 74 7.961 23 201712062329A
70.84 36.62 106 29 107 267 62 81 3.380 23 201712260808A
72.33 38.98 27 78 12 294 78 167 1.968 23 201712271356A
94.41 21.97 130 59 157 232 71 33 4.377 23 201712282023A
95.16 24.56 214 28 102 21 63 84 4.041 24 201801070647A
72.43 38.14 5 43 11 268 83 133 5.097 23 201801090005B
86.94 35.03 339 46 -129 209 56 -57 4.688 23 201801170125A
70.72 36.51 255 28 115 47 65 77 2.897 25 201801310707A
72.38 38.47 116 54 173 211 84 36 3.989 23 201802062154A
86.89 34.92 325 60 -156 222 69 -32 3.674 23 201802142358A
82.11 35.92 347 49 -120 209 49 -60 2.814 23 201802151017A
87.70 30.18 338 43 -142 218 65 -54 3.676 23 201803011727A
70.61 36.46 270 26 54 129 69 106 5.652 23 201803242217A
71.17 36.41 126 28 109 285 64 80 4.224 23 201803301845A
74.50 39.76 193 82 -6 284 84 -172 4.970 23 201804030814A
77.22 40.41 231 36 50 97 63 115 2.404 23 201804121041A
94.70 22.84 139 61 155 242 68 32 7.283 23 201804240408A
70.59 36.72 246 19 139 16 77 75 4.424 23 201804241552A
70.93 36.34 298 56 154 43 69 37 1.182 24 201804281514A
86.94 44.38 100 34 96 273 56 86 1.557 23 201805010314A
96.60 34.57 167 84 -175 76 85 -6 3.110 23 201805041637A
88.86 35.93 83 64 -6 176 85 -154 1.441 23 201805051956A
71.19 37.33 305 53 144 58 62 42 4.121 23 201805060001A
73.51 39.44 32 63 30 287 63 150 1.940 23 201805060317A
96.59 34.58 70 84 2 340 88 174 0.906 24 201805060923A
70.58 33.02 237 9 84 63 81 91 1.613 24 201805090323A
71.25 37.05 108 40 136 234 64 59 4.087 25 201805091041A
70.91 36.51 55 28 83 243 62 94 4.445 23 201805101408A
96.98 26.97 322 39 120 105 57 68 3.551 23 201806020546A
95.17 24.46 250 46 45 125 59 126 1.993 23 201806051633A
78.25 35.96 357 48 -146 243 65 -47 3.847 23 201806061815A
70.32 29.97 198 41 8 102 85 130 7.675 23 201806171421A
73.41 38.43 8 66 -22 107 70 -154 7.165 23 201807121946A
80.97 35.15 341 70 -169 247 80 -20 4.390 23 201807210040A
87.80 30.23 194 28 -21 303 80 -117 1.267 24 201808011546A
92.32 34.94 181 42 -101 16 49 -80 0.867 24 201808030134A
81.04 35.10 338 83 175 69 85 7 1.456 24 201808040404A
77.08 39.52 47 88 1 317 89 178 2.474 24 201809032151A
90.26 26.22 248 72 4 157 87 162 1.487 24 201809120450A
71.06 36.43 357 61 31 250 63 147 3.819 23 201809132131A
70.52 38.55 234 39 84 62 51 95 1.561 23 201809171900A
80.74 34.29 207 48 -33 320 67 -133 1.008 24 201809272113A
89.45 35.73 79 73 -12 173 79 -163 1.802 23 201810061535A
70.46 36.50 124 35 125 264 62 68 3.172 23 201810071352A
89.25 33.46 76 64 -20 176 72 -152 4.589 23 201810180751A
73.75 38.34 41 18 44 268 78 103 9.165 23 201810191325A
87.85 29.96 158 42 -112 6 51 -72 3.889 23 201810221649A
78.00 34.30 25 41 -111 231 52 -73 4.683 23 201810291443A
87.83 30.04 158 37 -95 344 53 -86 3.159 23 201810312309A
84.03 34.10 218 52 -41 336 59 -134 1.665 23 201811022235A
77.66 40.24 225 12 63 73 80 95 2.718 23 201811032136A
93.50 23.93 250 68 1 160 89 158 5.282 23 201811101715A
84.06 34.17 209 47 -38 327 64 -130 1.438 23 201811141711A
81.46 44.75 327 67 157 67 69 24 2.357 23 201811251223A
96.90 27.09 320 49 135 84 58 51 1.509 24 201811281017A
98.91 29.58 218 80 178 308 88 10 5.075 23 201812131532A
70.39 35.96 249 30 33 130 75 116 2.314 23 201812140436A
71.18 36.58 263 40 153 14 73 53 2.576 23 201812170108A
74.76 39.11 281 80 -175 190 85 -10 5.623 23 201812201108A
87.72 30.10 341 50 -125 208 51 -56 5.092 24 201812231932A
77.51 39.87 75 42 103 238 50 79 2.885 23 201901061622A
75.51 39.55 236 28 73 75 63 99 1.084 24 201901120432A
96.40 24.79 35 68 -165 299 76 -23 1.363 23 201901162139A
87.77 30.20 183 37 -77 347 54 -100 4.145 23 201901201428A
87.81 30.21 193 43 -59 333 54 -116 1.910 23 201901201506A
83.39 46.78 236 38 56 98 59 114 4.551 23 201902012154A
70.60 36.36 280 23 108 81 68 83 4.072 24 201902021204A
74.20 35.11 242 49 154 350 71 44 1.068 24 201902051647A
96.52 27.13 356 45 129 127 56 58 5.483 23 201902100322A
97.37 38.54 87 86 -1 177 89 -176 4.116 23 201902200340A
70.16 30.87 260 78 175 351 85 12 1.619 23 201903251125A
90.94 38.37 327 38 104 130 54 80 2.240 23 201903272136A
94.41 25.48 79 62 2 348 88 151 5.925 23 201904040745A
89.30 32.23 323 73 -175 232 86 -17 1.565 23 201904141831A
94.67 28.35 208 9 21 97 87 99 1.769 25 201904232015A
97.42 39.14 119 44 89 301 46 91 3.559 23 201904272027A
73.78 39.10 277 67 -167 182 78 -23 1.878 23 201904290023A
95.81 26.02 288 57 23 185 71 145 0.920 24 201905041104A
87.76 30.20 209 56 -41 325 57 -139 3.284 23 201905260144A
87.77 30.30 204 30 -25 316 78 -117 2.132 23 201905260209A
71.66 39.30 21 46 58 243 53 119 1.492 23 201907010114A
91.32 31.63 182 39 -109 25 54 -76 1.327 23 201907151741A
93.04 27.44 270 27 134 43 71 70 2.129 24 201907190922A
92.99 27.67 187 12 47 51 81 98 2.941 23 201907192254A
71.02 36.44 34 56 43 276 56 137 2.463 23 201907270656A
71.17 36.68 170 20 85 355 70 92 6.535 23 201908041904A
70.03 36.50 290 12 107 93 79 86 8.045 24 201908080045A
71.57 37.03 238 41 17 135 79 130 1.019 24 201908100643A
70.64 36.42 277 24 80 108 66 94 6.731 23 201908160209A
95.61 22.67 7 75 170 99 81 15 2.294 24 201908311509A
70.57 36.43 288 30 58 143 65 107 2.653 23 201909031234A
75.87 32.92 300 35 92 118 55 89 2.988 23 201909090640A
70.46 36.56 297 51 138 57 58 47 4.181 23 201909120922A
73.85 32.83 246 10 52 105 82 96 4.176 24 201909241101A
88.79 38.00 353 73 175 85 85 17 2.297 23 201909271058A
70.64 36.46 267 20 70 107 71 97 4.395 23 201910091044A
70.54 36.49 275 24 71 115 67 98 5.390 23 201910140111A
78.75 41.22 91 43 114 240 51 70 2.803 23 201910270529A
89.01 35.22 70 87 1 340 89 177 3.486 23 201911012236A
70.05 36.54 214 17 24 102 83 105 6.085 23 201911052052B
71.30 36.32 292 33 -172 195 86 -57 2.968 23 201911140923A
81.16 29.22 290 31 103 95 60 82 2.625 23 201911191330A
94.05 45.88 86 81 2 356 88 171 1.920 23 201911250222A
96.06 23.10 3 65 173 95 84 25 0.999 24 201911281439A