98.65   24.39   323   80   -172   232   82    -10    1.220   26   052976A
98.58   24.29   242   88      0   152   90    178   11.200   25   052976B
98.60   24.26   342   72   -169   249   80    -18    1.630   25   053176A
98.57   24.74   338   88   -178   248   88     -2    1.980   25   072176A
71.67   39.27   306   41    -38    66   67   -124    9.550   24   072876C
97.12   26.55   148   45     93   323   45     87    7.990   24   081276A
70.64   36.33   294   41    139    57   65     57    8.590   24   112776A
90.67   38.22   322   37    127    98   61     65    1.430   25   010177B
94.81   37.08   289   35     68   135   58    105    7.250   24   011977A
71.28   36.99   265   32     56   123   64    109    6.260   23   021277A
78.13   31.28   346   37   -118   199   58    -71    4.760   23   021977B
70.46   36.03   244   15    113    40   76     84    4.340   24   041377A
70.41   35.99   283   24    111    81   68     81    1.440   24   041877A
92.77   21.60   216   72      3   125   87    162    9.910   24   051277C
70.92   39.62   128   57    145   239   61     39    1.020   24   060377B
70.24   36.06   289   21     71   130   70     97   15.320   24   060377A
75.45   38.54   158    5     21    47   88     95    6.910   23   072977B
93.16   23.27   145   41   -171    48   84    -49    1.620   24   101377B
88.14   33.00   191   19    -88     9   71    -91    4.830   25   111877A
77.44   39.92   286   27    125    68   68     74    8.650   24   121877A
70.19   36.31   297   20    120    86   73     80    1.270   24   011678A
94.93   23.16   331   31     44   201   69    113    5.370   23   022378A
82.03   33.03   223   59     -8   317   83   -149    8.430   24   040478A
70.40   36.21   197   13    116   351   78     84    1.440   25   042178A
81.78   35.68   219   28    -32   337   75   -115    2.140   24   073178A
71.08   36.59   121   35     49   348   64    114   10.410   23   080878A
95.94   16.64    17   76   -168   284   78    -14    5.070   24   093078A
74.29   39.48   246   36     27   133   74    123   10.350   24   100878A
70.70   36.41    80    9     90   260   81     90    3.010   24   102378A
96.86   15.09   176   90    180   266   90      0    1.220   24   102478B
72.16   39.34   103   58    163   202   75     33    9.580   25   110178A
71.73   39.17   199   31     23    89   79    119    2.440   24   110278B
72.72   39.90    79   52    140   197   60     46   12.120   23   110278A
72.20   39.39   282   43    128    55   57     60    8.990   23   110878A
93.59   20.51    93   32     62   305   62    106    1.120   24   010179A
71.79   36.69    30   41     54   254   58    117    5.070   23   020779A
97.75   32.61   358   75   -174   266   84    -15    5.680   24   032979C
74.29   39.28   235   74     15   141   76    164    7.840   23   041779B
80.32   29.58   274    7     79   105   83     91    5.380   24   052079A
95.05   24.92   109   30    134   241   69     68    1.310   24   052979A
87.57   26.29   179   34    -82   350   57    -95    3.840   23   061979B
70.53   36.24   283   20     72   122   71     96    1.650   24   062079A
72.19   35.11   276   33    -92    99   57    -88    1.340   24   062679A
95.59   25.13    44   28     99   215   62     85    3.880   23   071379C
70.97   36.35   219   36    113    11   57     74    6.940   23   081479B
70.71   37.93   269   11     91    88   79     90    4.860   24   082079A
90.45   37.81   129   23     42   359   75    107    5.060   23   092879A
94.94   18.11   181   16    -64   334   76    -97    3.240   24   100379A
96.32   25.21   357   79   -175   266   85    -11    9.160   23   112579A
90.09   38.55   255   67     20   157   72    155    1.930   24   120279A
97.78   26.61   119   42     72   323   51    106    1.130   24   122179A
76.76   35.90   281   20     66   126   72     98   12.350   24   021380A
89.16   30.69     7   39    -84   180   51    -95    3.990   25   022280A
91.93   36.37   285   59     29   180   66    145   13.710   23   030680A
70.33   36.13    80   39     99   249   52     83    3.290   24   032080B
95.90   38.98   334   34     93   151   56     88    1.630   24   060180A
81.59   30.10    28   36    -51   162   63   -115    5.340   23   062280A
88.77   33.09   156   73   -165    62   75    -17    5.060   24   062480A
94.08   37.03   161    9    106   324   82     88    8.930   23   071280A
81.11   28.96   278   25     89    98   65     90    2.230   24   072980C
80.95   29.42   290   21     91   108   69     89    8.260   25   072980B
74.31   39.41   261   37     82    91   53     96    7.130   23   073180A
75.37   32.59   293   10     63   140   81     95    2.300   24   082380A
75.40   32.49   298   12     82   126   78     92    2.610   24   082380B
94.76   15.72   114   40     86   299   50     93    7.700   23   082780A
70.64   36.28   208   19     26    94   82    107    1.550   24   091980B
73.58   17.31   139   29   -111   342   63    -79    4.160   23   092080A
82.06   35.76   192   39    -53   328   60   -116    5.650   24   100780A
89.05   27.42   209   51     -2   301   89   -141    2.980   25   111980A
94.49   22.69   208   19    131   345   76     78    7.790   23   112080B
71.36   36.35   289   25    139    57   74     71   14.910   23   011081A
86.98   36.53   222   30    -53     1   67   -109   11.930   23   020981B
72.50   39.14    93   44   -177     1   88    -46    1.390   24   030381A
95.52   24.99   135   44     80   329   47     99    3.890   24   042581C
70.53   36.47    94   16    108   255   74     85    1.860   24   042881B
94.64   23.32   247   22     21   137   82    111    3.340   23   050181A
70.99   36.80   277   41    110    72   52     73    6.120   25   050281A
91.28   34.21    76   81     -3   166   87   -171    1.410   25   060981A
95.45   23.00     7   40    142   128   67     57    2.760   23   063081A
70.24   36.13   304   22    129    83   73     76    1.390   24   070881A
98.51   25.61   153   46   -141    33   63    -52    9.000   23   081481A
97.02   25.53   298   66     -7    30   83   -156    4.950   23   081681B
99.71   21.12    77   60     13   341   79    150    6.320   23   091281A
73.48   35.22   107   36     79   300   54     98    1.950   25   091281B
70.47   36.15   328   30    118   116   64     75    8.650   23   110181A
70.28   35.91   325    7     95   139   83     89    4.210   24   112381B
89.79   30.87   139   36   -132     7   64    -64    2.460   24   012282A
82.24   31.71    17   38    -58   160   59   -112    3.460   25   012382B
73.40   35.15   123   43     76   322   48    103    8.700   23   022282B
72.59   37.80   351   64    -23    92   70   -152    3.340   24   030782A
85.84   18.01   325   51    131    91   54     51    7.600   23   040882A
70.00   36.13   285   40     55   147   58    116    7.160   23   070182B
70.86   36.01   105   30     17     0   81    119    1.290   24   070282B
90.65   19.56   240   73      0   330   90   -163    2.680   24   070482D
73.11   37.34   180   46    -69   331   48   -111    1.970   24   092982A
99.61   25.69   146   22   -112   350   69    -81    8.110   23   100882A
82.36   36.07   215   45    -15   315   80   -134    1.390   24   103182C
70.35   34.46   259   28    109    57   63     80    5.050   24   112082A
70.26   36.16    62   25     77   256   66     96   11.880   23   012583C
75.11   39.94   230   60     -7   323   84   -149    2.710   25   021383A
70.16   38.93   216   44     86    42   46     94   10.300   23   022683B
78.15   32.29   192   71     -7   284   83   -160    8.600   23   022783B
70.63   36.99    54   29     26   301   78    116    4.540   23   032383C
94.19   21.86   236   26    -22   345   81   -115    4.530   23   041783B
79.92   35.41   322   58   -151   216   66    -35    4.080   23   053183A
94.69   24.48   297   44     58   158   54    118    6.760   23   082383B
73.87   39.09   212   52      5   119   86    142    5.600   23   082583A
94.90   25.34   161   65    159   260   71     26    4.240   24   083083B
70.69   36.26    64   35    101   231   55     82    1.820   25   091283A
94.37   21.87   109    5   -151   350   87    -85    8.600   23   102183B
71.34   36.34   107   19    145   230   79     74    3.000   24   103083A
90.06   33.97   250   73     -7   343   83   -163    2.780   24   110583A
96.38   26.58   177   58    147   286   62     37   13.470   23   111683D
72.48   39.32   228   39     81    60   51     97    8.560   24   121683A
70.41   37.17   273   18     81   103   72     93    1.540   27   123083C
70.63   36.19    72   38     93   248   52     88    1.490   25   012784B
70.05   34.19   268   37    121    50   59     69    1.520   25   020184B
70.66   36.25   266   34    114    58   60     75    4.620   25   021684A
95.49   24.85   114   21    144   238   78     72    1.730   24   030584C
71.00   36.47   270   45    106    68   47     74    5.420   24   032284B
70.78   36.42   297   37    138    63   66     61    2.160   24   041984A
70.95   36.28   325   23     97   137   67     87    2.290   24   042384A
99.62   21.79    84   69     13   349   78    159    9.010   24   042384C
93.42   24.33   157   69    161   254   73     22   11.900   24   050684B
70.55   36.72   227   49     35   112   64    133    5.800   23   060284B
70.62   36.12   264   21    144    28   78     73    2.670   24   070184A
70.21   35.76   316   20    113   112   72     82    5.800   24   082284C
71.03   38.99    37   77      9   305   81    167    1.860   25   102684D
96.96   26.52   311   49     17   210   77    138    3.780   24   112884B
92.99   24.75   352   46    123   129   53     61    1.330   25   123084E
87.18   35.72   246   50      0   155   90    140    2.920   24   042185B
95.97   25.83   324   38     58   182   58    113    8.750   23   042485B
72.96   38.35   103   65    172   197   83     25    2.610   24   042785B
70.54   30.53   211   14     98    23   76     88    7.540   24   050685A
70.58   30.77   196   16     70    37   75     96    2.200   24   050885C
87.16   35.58   156   79    175   247   85     11    5.650   24   052085B
70.94   36.25   189   44     42    66   62    126    7.710   23   052885A
83.37   34.55    40   61    -30   145   64   -147    0.970   24   061585A
87.43   18.40    60   58      1   330   89    148    1.840   24   070185A
70.96   36.33    52   38     72   254   54    104    1.470   27   072985B
95.53   29.24   176   15    153   292   83     76    4.240   24   080185A
70.70   35.92   267   36    109    64   56     77    3.770   25   080285B
70.06   35.40    82   38     88   264   52     91    5.300   23   080385A
95.88   36.41   200   33    123   342   63     70    9.490   23   081185C
76.46   39.31   308   85    175    38   85      5    4.230   23   082385A
75.09   39.54   315   29    159    63   80     62    3.290   26   082385B
75.14   39.25    81   27     57   297   68    105    7.670   23   082985C
98.23   25.29    14   65    177   105   87     25    2.150   24   090585E
75.32   39.50    90   44     68   299   50    110    1.820   25   091185D
87.09   28.60   140   46   -163    38   78    -45    6.290   23   011086A
71.00   35.97   229   40    145   348   69     56    2.340   24   011486A
93.09   23.79   224   62    -15   321   77   -152    1.460   24   020886A
91.18   24.89   340   50    180    70   90     40   10.790   23   021986C
70.34   36.36   264   15     86    89   75     91    2.170   24   031186A
77.07   39.83    48   45     45   283   60    125    1.630   24   042586A
94.92   23.31    87   30    136   217   69     67    4.750   23   042686A
76.06   31.59   299   19     58   153   74    100    2.280   24   042686B
71.00   36.29   260   27    129    38   69     72    8.080   24   042686C
86.77   30.82    51   78     -4   142   86   -168    1.430   25   062086C
96.12   15.45   242   17    -78    50   74    -94    2.270   24   062986B
80.15   34.24   263   74    -15   357   76   -164   10.030   24   070686A
78.19   30.48   278   17     37   152   80    104    1.660   24   071686B
71.13   36.47   205   46      1   114   89    136    2.880   24   071786B
86.88   30.88    51   78      4   320   86    168    4.770   23   071986E
94.19   23.86   130   72     15    36   76    162    1.740   24   072686B
91.96   34.58   253   69    -18   350   73   -158    4.880   25   082086D
70.56   36.52   105   37    142   228   68     60    2.820   24   091586B
71.55   37.34   301   27      4   208   88    117    2.580   24   091786C
70.96   35.99   200   31      2   108   89    121    2.150   24   101386A
96.91   25.53    28   45    132   157   58     56    6.960   23   110186A
71.28   36.34   205   36    100    13   55     83    2.200   24   121786A
70.14   39.12   173   55     36    61   61    139    2.760   23   022387A
91.08   38.30   127   36    124   267   60     68    5.750   24   022587F
70.78   36.10   101   17    -52   242   76   -101    2.640   24   040287B
74.67   39.67   113   44     86   299   46     94    3.730   24   043087C
70.55   36.22   300   16     96   114   74     88    2.310   25   050587B
93.94   24.58    67   68    -14   163   77   -158    2.760   25   051887A
75.30   39.64   298   27     91   117   63     90    6.480   23   060887A
71.38   36.53   157    4     84   343   86     90    5.880   23   063087A
83.77   29.30    81   43    -10   178   83   -133    2.680   24   080987C
94.53   23.04   135   42    144   254   67     54    9.760   23   082487B
90.34   29.47   201   45    -90    21   45    -90    3.420   23   092587A
71.97   36.59   253   45    121    32   52     62    1.720   25   100387C
75.50   39.01   248   30     69    92   63    102    9.720   23   010688A
71.01   38.90   275   41    148    30   70     53    5.230   23   010988C
94.87   29.80    37   69    159   135   71     23    8.860   23   012588A
91.66   24.05   239   76      9   147   82    166    6.700   24   020688D
95.57   18.62   114   14   -124   329   78    -82    7.420   23   021988E
73.60   38.23   111   47   -155     4   72    -45    2.200   24   032688C
70.28   35.82   216   51     30   106   67    137    1.240   24   060388A
94.36   22.22   133   18   -104   327   72    -85    4.450   23   070388B
72.83   36.91   137   38    -96   324   53    -86    2.100   24   072088B
70.25   35.74    79   41     52   305   59    118    2.380   24   080388A
94.89   25.19   284   45     55   148   54    120    8.900   26   080688A
70.73   36.17    28   31     52   250   66    110    2.610   25   080688C
74.20   39.82   293   35     83   122   56     95    1.670   24   081288C
95.24   24.94   307   35     69   152   58    104    4.560   23   081388E
86.64   26.52   230   23      2   137   89    113    2.310   26   082088D
95.89   24.94    67   49     28   318   69    136    6.780   23   082188D
97.38   29.95   248   35   -106    88   57    -79    2.350   23   090388B
74.47   39.66   106   23     64   313   69    101    5.380   23   092388B
71.64   37.51   134   75   -179    43   89    -15    1.990   24   092588A
70.46   36.29   295   20     94   111   71     89    8.620   24   092588B
71.45   36.03   214   29    134   346   70     69    1.530   24   092688A
94.67   20.74   168   27    -58   313   68   -105    5.180   23   102388C
70.37   35.76    75   60    156   178   69     32   10.410   23   102688A
85.73   27.39   309   30    109   106   62     79    7.540   23   102988A
91.70   34.17   158   67    171   251   81     24    2.560   25   110588A
99.68   23.00   333   78    174    64   84     12    3.660   26   110688B
99.42   23.38   122   55     40     6   58    137    8.400   23   110788A
99.23   22.80   333   70    180    63   90     20   10.250   23   111588B
91.77   34.29   262   60      7   169   84    150    2.570   24   112588B
99.54   22.15   167   75   -177    76   87    -15    1.490   25   113088A
71.56   39.72     3   51    127   133   52     54   11.870   23   121488A
90.13   29.74   221   77     -9   313   82   -166    1.540   24   020389C
96.83   26.18   295   60     24   193   69    148    9.530   23   021289A
98.30   21.61    73   79      9   341   82    169    5.100   24   030189B
94.81   25.15    71   81     -8   163   82   -171    2.730   24   040389A
89.94   28.74   330   43   -119   187   53    -65    6.420   23   040989A
91.71   24.25   291    6     20   181   88     96    1.700   24   041389B
99.37   29.92   273   29    -73    74   62    -99    5.330   25   041589B
99.41   29.90   245   40   -114    96   54    -71    1.800   25   042589B
99.69   30.00   240   44   -117    95   52    -66    2.230   25   050389A
99.43   29.83   271   45    -90    91   45    -90    5.600   24   050389C
99.65   23.46   335   76    169    68   79     15    3.320   24   050789A
91.65   35.69   248   66      2   157   88    156   10.070   23   051389C
89.88   22.13   354   67    164    90   75     24    5.800   24   061289A
93.94   22.91   111   44    159   217   75     48    2.540   24   071589A
99.54   29.79    59   38   -127   283   60    -64    3.270   24   072189A
71.28   35.78   238   36    124    18   61     68   10.130   24   072489A
94.75   20.22    83   59    145   192   61     36   11.970   23   092489B
99.06   20.32    76   72     -1   167   89   -162    6.170   24   092889A
99.23   20.26    85   78   -168   352   78    -13    5.260   24   093089B
93.89   21.62   196   42    -50   328   59   -120    1.140   24   120289C
93.78   21.54   213   38    -31   328   71   -124    1.660   24   120889A
94.95   24.42   140   32    139   267   69     64    3.050   25   010990D
92.10   37.60    72   45     41   310   63    127    1.110   25   011490A
70.84   36.56   121   48    142   239   63     49    2.850   25   020590A
72.85   37.04   192   36    -46   322   65   -117    1.960   25   030590B
72.84   37.18   195   33    -41   321   69   -116    1.460   24   030690B
73.08   37.20   347   45   -100   182   45    -80    6.420   23   030690C
96.61   25.11    32   73    173   124   84     18    7.680   23   030890C
73.09   39.04   276   56    178     6   89     34    1.280   24   032990C
74.78   39.29   118   68    156   218   68     24   11.760   24   041790A
70.09   35.44   216   36     48    84   64    116   12.170   24   051590A
74.58   38.12   297   65    179    28   89     25    4.650   24   051790C
93.28   32.20    43   44    -44   168   61   -125    7.980   23   060290A
70.61   36.68   283   17     93   100   73     89    3.800   25   071390C
70.45   36.38   298   12    103   104   78     87    9.160   23   090390B
70.74   35.19   260   34    113    53   59     75    6.580   24   102590B
71.01   39.15   215   33     67    61   60    104    1.480   24   110390D
71.17   35.92   223   23    103    29   68     85    6.090   23   111290A
70.48   38.03     1   83     -2    91   88   -173    2.910   24   122090A
96.18   23.61     2   68    166    97   77     23    3.110   26   010591A
70.23   36.01   247   17     68    90   74     97    2.200   26   013191B
70.48   35.90     8   12     30   249   84    101    1.940   24   022391B
70.43   35.86   265   21     38   139   77    107    8.120   23   032391A
95.53   15.89    13   87   -180   283   90     -3   10.480   24   040191B
71.54   36.12    39   44     33   284   68    129    1.260   24   041591A
71.18   36.03   300   32    138    68   69     65    7.700   23   041691B
70.35   38.87   193   43     46    66   60    123    7.880   23   042691C
93.25   23.42   159   77    171   251   81     13    1.430   24   051191A
70.74   36.12   287   42    118    72   54     68    1.090   26   071491A
72.08   37.46    45    2     93   222   88     90    9.510   23   082091B
78.24   30.22   317   14    115   112   78     84    1.770   26   101991G
70.70   26.47    56   43     46   289   61    123    1.370   24   110891C
93.83   24.19   245   68     11   151   79    157    2.000   24   120491B
93.08   24.47   258   54     30   150   66    140   11.950   23   122091C
97.88   39.71   169   90   -180   259   90      0    6.340   23   011292B
74.45   35.13   268   86      0   358   90   -176    1.690   24   012492A
95.20   24.18   272   30     43   143   70    113    6.530   23   032592D
94.52   21.12   159   12    -85   334   78    -91    2.760   24   032792A
80.75   36.17    62   52    -11   159   81   -141    4.140   24   040592B
94.57   23.96   281   45     56   145   54    120    4.090   24   041592A
98.97   22.54   354   77   -168   262   79    -13    1.580   25   042392D
98.85   22.40   345   68   -173   252   84    -22    1.930   25   042392E
72.59   37.29   186   45    -55   321   55   -120    5.780   24   051092A
71.27   32.95   237    5     79    68   85     91    1.430   25   052092E
96.03   23.95     8   69   -173   275   83    -21    3.140   25   061592B
81.12   35.18    12   30    -90   192   60    -90    4.140   23   062792A
93.51   21.07   191   33    -75   353   58   -100    8.000   23   070892B
90.20   20.96    79   59     13   342   79    148   11.050   23   070992B
90.30   29.46    10   42    -94   196   49    -86    1.790   25   073092A
96.29   18.88    68   65      7   335   84    155    1.500   24   102892A
70.78   36.57   269   23    144    33   77     71    3.180   24   111292F
94.51   20.43   187   29    -43   317   71   -112    7.610   23   112292C
72.38   38.70   211   33    -49   345   65   -113    3.110   24   112392C
71.86   37.35   219   17   -107    56   74    -85    5.050   24   120492E
88.03   34.67   152   41   -139    29   65    -57    8.150   23   122292D
70.78   36.22    63   37    132   195   63     64   14.050   23   122692D
90.28   30.34    25   48    -57   161   51   -121    8.800   24   011893C
87.64   28.87   161   46   -121    22   52    -62    2.470   25   032093I
87.35   29.03   160   16   -106   357   75    -86    6.000   23   032093L
71.07   35.72   250   41    134    18   62     59    5.860   23   032593D
94.00   23.55    99   44   -169     1   83    -46    5.680   23   040193D
78.15   35.81   269   73    -14     4   77   -163    7.340   23   040893B
77.53   35.19    95   74    -13   188   78   -163    4.160   23   061593D
99.82   27.42   140   33    -55   280   64   -110    1.360   24   071793B
70.81   36.51   354   48   -154   246   71    -45    3.800   24   072393A
70.59   36.35   290   17     89   111   73     90    3.380   25   080993F
70.47   36.48   271   24     73   109   67     98    3.580   26   080993G
70.51   36.16   268   24    121    54   70     77    9.860   24   090493E
71.80   36.48   233   48    144   349   64     48    1.680   25   091893G
76.55   18.11   134   47    112   284   47     68    2.210   25   092993K
88.82   38.16   326   42    146    82   68     53    1.640   25   100293E
76.50   39.73   219   74      4   128   87    164    2.800   24   113093E
73.72   17.41    44   45    -49   173   58   -123    5.520   23   120893B
71.46   37.30   257   31    -60    43   63   -107    5.730   23   010294A
97.40   24.80   106   25    -85   281   65    -92    1.600   25   011194A
76.53   39.15   298   60    151    44   65     34    2.110   24   011294E
97.05   25.62    96   57     26   352   68    144    7.150   24   040694D
71.63   39.12     1   24     60   214   69    103    6.810   23   050194G
94.17   20.45   220   32     -8   316   86   -122    6.500   25   052994C
93.68   32.57     9   40   -105   208   51    -78    7.720   24   062994C
93.76   32.53   346   38   -118   200   57    -70    4.260   23   063094B
71.00   36.34   216   40     97    27   51     84    3.120   25   063094C
70.36   36.60   332   16    142    99   80     77    7.050   23   071094B
86.51   31.04   142   67    171   235   82     23    1.570   24   072394I
71.31   37.27   304   38    -18    48   79   -127    8.640   23   072494F
93.88   21.61   216   73      0   306   90   -163    4.570   24   080394E
94.97   24.76   111   34    120   257   61     71    1.830   25   080894D
89.18   34.97    61   68      5   329   85    158    8.260   23   081494D
96.58   17.96    83   73     -5   175   85   -163    4.810   24   081994C
90.19   38.42   238   58     -6   331   85   -148    7.720   23   090794C
99.91   19.41    64   27    -55   206   68   -107    8.180   23   091194B
71.00   36.25   272   40    110    67   53     74    7.740   24   102594B
96.83   25.37    34   76    179   124   89     14    9.250   24   112194C
70.89   36.16   244   26    123    28   69     75   13.400   23   122694D
90.57   35.75    31   25   -116   240   68    -78    6.600   23   122894B
71.53   36.24   254   38    148    10   71     57    7.700   23   012695C
71.36   37.17   107   56    162   207   75     35   10.890   23   012995A
92.62   27.48   322   46   -172   226   84    -44    1.830   24   021795A
70.84   39.62     1   71     -6    93   85   -161    9.750   23   022095B
95.02   24.83   278   39     60   135   57    112    4.840   25   050695A
94.94   25.00   142   33    118   289   62     73    6.840   23   050995A
70.67   36.67    52   21     67   256   70     99    6.170   24   051695A
70.13   32.44   212   27     55    70   68    106    3.430   24   061195C
99.28   21.92    64   66      3   333   88    156    7.530   24   070995D
99.22   21.89    60   85      1   330   89    175    1.910   26   071195A
71.18   36.22   239   24    141     5   75     71    3.250   24   081795P
70.45   36.18    87   25     96   261   65     87    2.230   25   101895A
71.30   37.22   210   22    117     1   70     79    2.690   23   111695A
97.63   34.74    46   81    176   137   86      9    3.980   24   121895B
73.26   38.40   174   31    -77   339   60    -98    8.810   23   122395B
78.16   37.72   138   23    114   293   69     80    6.180   23   122495B
76.80   39.93   273   26    109    72   66     81    3.600   25   031996B
73.12   31.32    98   33    101   265   58     83    7.630   23   040196D
92.58   28.71    12   23   -117   221   69    -79    7.300   23   060996J
88.32   29.77   172   45   -102     8   46    -78    3.540   24   070396A
88.19   29.92   175   27    -83   347   63    -94    3.720   23   070396B
96.53   24.68    93   70     11   359   80    159    1.210   24   072696A
94.85   20.80   204   60     33    96   62    146    7.800   23   072796A
88.67   29.74    23   32    -41   150   70   -115    1.790   24   073196C
70.59   35.96   230    8     23   118   87     97    6.990   24   091496D
95.05   19.27   191   68     20    93   71    157   11.040   24   111196E
93.38   24.05   102   34     59   317   61    109   13.010   23   111996A
77.86   35.45   180   71    170   273   81     19    2.370   26   111996B
76.84   39.00   345   19    117   136   73     81    4.250   23   112396A
99.90   30.67    28   71   -167   294   78    -19    1.570   24   122196B
80.29   29.43   279   19     68   122   73     97    2.450   24   010597A
77.26   39.51   315   75   -177   224   87    -15    7.740   24   012197B
77.42   38.97    42   43     10   304   83    132    7.150   23   012997A
95.82   35.70     1   70   -172   268   83    -20    2.000   24   020997B
76.89   39.40   180   80   -173    89   83    -10    3.350   24   030197A
85.02   33.15    35   26    -43   165   73   -110   11.810   23   032197B
76.93   39.41   161   78    179   251   89     12    7.730   24   040597G
77.03   39.52   253   43    -36    10   67   -127   10.510   24   040697A
76.99   39.48   227   36    -61    12   59   -109    9.610   23   040697C
76.93   39.61   240   37    -45     9   65   -118    2.060   25   041197C
77.20   39.64   243   48    -65    28   48   -115   10.620   23   041297C
94.18   22.55   150   61    165   247   77     30    8.660   23   041497G
76.99   39.69   170   66   -162    73   74    -25    6.560   24   041597F
92.36   24.51    78   68      4   347   86    158    8.570   24   050897A
70.68   36.51   273   38    124    52   60     66    5.020   25   051397C
80.22   23.06   283   26    129    61   70     73    5.830   24   052197H
78.06   37.18   117   23     91   296   67     90    4.320   23   053097A
77.18   39.80   345   72   -167   251   78    -18    5.540   23   062497A
94.64   21.41   208   37     24    98   76    124   12.060   23   071197G
93.43   23.80   330   16     40   201   80    103    9.060   23   073197A
97.46   30.16    73   27    -90   253   63    -90    7.780   23   080997A
70.55   36.32   243   47    110    35   47     70    2.900   23   081397A
81.02   35.75    69   49     -4   161   87   -139    9.130   23   101597H
77.07   39.59   339   81    178    70   88      9   11.850   23   101797D
85.39   28.60    21   31    -70   178   61   -102    2.170   24   110397A
86.96   35.33    79   69      2   348   88    159    2.230   27   110897A
88.56   33.58    46   32    -60   192   62   -107   10.600   23   110997A
92.70   22.21   163   37    168   263   83     54    1.550   25   112197C
70.62   36.53   289   19     92   107   71     89    3.170   25   121797B
96.52   25.01   122   84      5    32   85    174    5.140   24   123097D
70.94   36.36   281   29    107    82   63     81    1.960   24   021498A
70.88   36.50   184   15    100   354   75     87    3.960   25   022098D
76.88   39.94   243   23     79    75   68     95    3.260   24   031998C
70.00   36.46   259   14     78    91   76     93    8.260   24   032198D
95.09   24.84   132   68    156   232   68     24    1.960   24   050298B
79.06   37.55    95    9     63   302   82     94    3.070   24   052898F
70.08   37.38   200   79     -7   291   83   -169    7.890   25   053098A
70.07   37.03    99   73   -170     7   81    -17    5.680   23   062998A
88.47   29.83    16   32    -83   187   59    -95    4.770   24   072098A
88.50   29.93    34   43    -90   214   47    -90    4.500   23   072198A
77.13   39.67   231   30    -56    13   66   -108    3.270   24   080298A
88.31   29.86    14   46    -67   162   48   -112    6.810   24   082598A
77.22   39.51   240   78      0   330   90   -168    3.890   25   082798B
88.41   30.08   199   45    -90    19   45    -90    3.630   23   082898C
77.30   39.47   234   32    -90    54   58    -90    3.330   23   090398B
93.60   27.87   233   26    118    22   67     77    3.600   23   092698B
88.25   29.64   139   32   -112   345   60    -76    6.110   23   093098A
88.60   29.89    26   29    -77   191   62    -97    7.110   23   100598B
94.74   23.82    86   12    180   177   90     78    1.120   24   101698A
70.87   36.35   126   54    136   246   56     46    3.070   24   121198E
79.29   30.23   279   10     76   113   80     92    7.110   25   032899A
